inst/extdata/qaterr.grd
DSAA
          16          20
    757.2501    764.7501
   5035.2500   5044.7500
 -0.2938E+01  0.8188E+01
 0.0000E+00  0.0000E+00  0.0000E+00  0.0000E+00  0.0000E+00  2.5000E-01  6.2500E-02  1.5625E+00  1.2500E-01  0.0000E+00  0.0000E+00  2.5000E-01  0.0000E+00  6.2500E-02  3.8750E+00  1.8125E+00
 0.0000E+00  0.0000E+00  0.0000E+00  0.0000E+00  4.3750E-01  1.3125E+00  1.4375E+00  1.6250E+00  1.4375E+00  6.8750E-01  0.0000E+00  1.0000E+00  8.7500E-01  0.0000E+00  1.0625E+00  3.6875E+00
 0.0000E+00  0.0000E+00  0.0000E+00 -6.2500E-02  3.5625E+00  3.4375E+00  5.1875E+00  5.3125E+00  8.1250E-01  7.5000E-01  2.7500E+00  3.8125E+00  1.8750E-01  3.1250E-01  0.0000E+00  3.5000E+00
 0.0000E+00  1.2500E-01 -2.5000E-01  1.5000E+00  1.1875E+00  4.2500E+00  5.0000E+00  7.1250E+00  8.1875E+00  4.3125E+00  2.0000E+00  1.6875E+00  6.2500E-02  1.0625E+00  1.1875E+00  1.4375E+00
 0.0000E+00  0.0000E+00 -2.5000E-01  5.6250E-01 -3.1250E-01  2.5000E+00  4.6250E+00  5.4375E+00  7.1250E+00  3.0625E+00  1.2500E+00 -1.2500E-01  5.0000E-01  0.0000E+00  4.3750E-01  2.5000E-01
 0.0000E+00  0.0000E+00  0.0000E+00  1.2500E-01  3.1250E-01  3.5000E+00  5.8125E+00  2.0625E+00  8.1250E-01  6.2500E-02  0.0000E+00  0.0000E+00  0.0000E+00 -3.7500E-01 -5.0000E-01 -1.8750E-01
 0.0000E+00  0.0000E+00 -6.2500E-02  0.0000E+00  0.0000E+00  5.6250E-01  1.4375E+00  2.5000E-01  0.0000E+00  3.7500E-01  6.2500E-02  0.0000E+00  0.0000E+00  0.0000E+00  6.2500E-02 -1.2500E-01
 6.2500E-02  1.2500E-01  6.2500E-02  0.0000E+00  0.0000E+00  0.0000E+00  0.0000E+00  0.0000E+00  0.0000E+00  1.8750E-01  1.8750E+00  1.2500E-01  0.0000E+00  0.0000E+00 -5.0000E-01 -5.0000E-01
 3.7500E-01  0.0000E+00  0.0000E+00  0.0000E+00  0.0000E+00  0.0000E+00  0.0000E+00  0.0000E+00  6.2500E-02  7.5000E-01  1.6875E+00  1.1250E+00  0.0000E+00 -6.8750E-01 -5.0000E-01 -1.3125E+00
 0.0000E+00  0.0000E+00  0.0000E+00  0.0000E+00 -1.2500E-01  6.2500E-02  0.0000E+00  0.0000E+00  0.0000E+00  1.0625E+00  1.9375E+00  6.2500E-02  0.0000E+00  0.0000E+00 -1.2500E-01 -1.4375E+00
 0.0000E+00  0.0000E+00  0.0000E+00  0.0000E+00  0.0000E+00  0.0000E+00  0.0000E+00  0.0000E+00  0.0000E+00  6.2500E-02  8.1250E-01  0.0000E+00  0.0000E+00  0.0000E+00  0.0000E+00  0.0000E+00
 0.0000E+00  6.2500E-02 -6.2500E-02  0.0000E+00  0.0000E+00  0.0000E+00  0.0000E+00  0.0000E+00  0.0000E+00  0.0000E+00  0.0000E+00  0.0000E+00  0.0000E+00  0.0000E+00  0.0000E+00  0.0000E+00
-2.9375E+00 -1.9375E+00 -5.0000E-01  0.0000E+00  0.0000E+00  0.0000E+00  0.0000E+00  0.0000E+00  0.0000E+00  0.0000E+00  0.0000E+00  0.0000E+00  0.0000E+00  0.0000E+00  0.0000E+00  0.0000E+00
 1.2500E+00 -1.2500E-01 -1.4375E+00 -1.3125E+00 -6.2500E-02 -3.1250E-01  0.0000E+00  0.0000E+00  0.0000E+00  0.0000E+00  0.0000E+00  0.0000E+00  0.0000E+00  0.0000E+00  0.0000E+00  0.0000E+00
-5.0000E-01  3.7500E-01 -1.1875E+00 -1.1875E+00 -2.3125E+00 -1.5625E+00 -3.7500E-01  0.0000E+00  0.0000E+00  0.0000E+00  0.0000E+00  0.0000E+00  0.0000E+00  0.0000E+00  0.0000E+00  0.0000E+00
-1.8750E-01 -5.6250E-01 -1.0000E+00 -7.5000E-01 -2.1250E+00 -1.8125E+00 -7.5000E-01 -8.1250E-01 -4.3750E-01 -1.8750E-01  0.0000E+00  0.0000E+00  0.0000E+00  0.0000E+00  0.0000E+00  0.0000E+00
-1.2500E-01 -8.1250E-01 -1.2500E+00 -9.3750E-01 -1.9375E+00 -1.3750E+00 -6.8750E-01 -9.3750E-01 -9.3750E-01  0.0000E+00  0.0000E+00  0.0000E+00  0.0000E+00  0.0000E+00 -6.2500E-02 -1.2500E-01
-3.7500E-01 -1.4375E+00 -1.2500E+00 -1.8750E+00 -4.3750E-01 -1.9375E+00 -1.6250E+00  8.7500E-01  3.7500E-01 -1.2500E-01  0.0000E+00  0.0000E+00  0.0000E+00  0.0000E+00 -6.2500E-02  0.0000E+00
 1.1250E+00 -4.3750E-01 -6.2500E-02  6.2500E-02 -6.2500E-01 -6.2500E-01 -7.5000E-01  4.3750E-01  2.3125E+00 -5.0000E-01  0.0000E+00  0.0000E+00  0.0000E+00  0.0000E+00 -6.2500E-02 -7.5000E-01
 6.2500E-01 -1.5000E+00 -1.2500E+00 -1.7500E+00 -1.1875E+00 -8.1250E-01 -1.6875E+00  6.2500E-02 -2.6250E+00 -7.5000E-01  1.6875E+00 -2.5000E-01 -3.1250E-01 -1.5625E+00 -1.6875E+00 -9.3750E-01
