inst/extdata/rank(1)_cd_1hr_conc_cd.grd
DSAA
          81          81
     760.250     764.250
    5036.750    5040.750
  0.1787E+00  0.8631E+01
[rows 50 to 74 of 81, columns 0 to 56 of 81]
2.8026E-01 2.8803E-01 2.9498E-01 3.0291E-01 3.1182E-01 3.2121E-01 3.3025E-01 3.3982E-01 3.5009E-01 4.0422E-01 4.8860E-01 5.8079E-01 6.7422E-01 7.7258E-01 8.7445E-01 9.7636E-01 1.0713E+00 1.1471E+00 1.1880E+00 1.1982E+00 1.1865E+00 1.0979E+00 1.2344E+00 1.3150E+00 1.3065E+00 1.2088E+00 1.1662E+00 1.0761E+00 9.1917E-01 8.4794E-01 8.3881E-01 8.7239E-01 8.7522E-01 1.0645E+00 1.1302E+00 1.2527E+00 1.4954E+00 1.3914E+00 1.3800E+00 1.4489E+00 1.3562E+00 1.4435E+00 1.3783E+00 1.3200E+00 2.1622E+00 2.8014E+00 2.9913E+00 2.7734E+00 2.2996E+00 2.1093E+00 1.7657E+00 1.6536E+00 1.5017E+00 1.3002E+00 1.0833E+00 9.8598E-01 9.6452E-01
2.6812E-01 2.7482E-01 2.8052E-01 2.8680E-01 2.9368E-01 3.0131E-01 3.4463E-01 4.1272E-01 4.8985E-01 5.7416E-01 6.6166E-01 7.4610E-01 8.1815E-01 8.7803E-01 9.3134E-01 9.7094E-01 9.8915E-01 9.7636E-01 9.6728E-01 1.0245E+00 1.1847E+00 1.2957E+00 1.3157E+00 1.2299E+00 1.1707E+00 1.1805E+00 1.1267E+00 1.0062E+00 8.2933E-01 7.7311E-01 8.1909E-01 8.1591E-01 9.5763E-01 1.0283E+00 1.1174E+00 1.3740E+00 1.1718E+00 1.3770E+00 1.1966E+00 1.2274E+00 1.1646E+00 1.3018E+00 1.2140E+00 1.1048E+00 1.9026E+00 2.6499E+00 3.1634E+00 3.0635E+00 2.5364E+00 1.9749E+00 1.7581E+00 1.4977E+00 1.4613E+00 1.3344E+00 1.1647E+00 9.9001E-01 8.5921E-01
2.5276E-01 2.5807E-01 2.6265E-01 2.9189E-01 3.4324E-01 4.0058E-01 4.6391E-01 5.3250E-01 6.0382E-01 6.7368E-01 7.3590E-01 7.8364E-01 8.1023E-01 8.1158E-01 8.0121E-01 7.7336E-01 7.7351E-01 9.0708E-01 1.0319E+00 1.1272E+00 1.1677E+00 1.1311E+00 1.0259E+00 1.0773E+00 1.0963E+00 1.0680E+00 9.8447E-01 8.4774E-01 7.3529E-01 7.6294E-01 7.5138E-01 8.5585E-01 9.2331E-01 9.7786E-01 1.1454E+00 1.3463E+00 1.2130E+00 1.1685E+00 1.0807E+00 1.0403E+00 1.0015E+00 1.1548E+00 1.1463E+00 9.1093E-01 1.5264E+00 2.2852E+00 2.8306E+00 2.9298E+00 2.6090E+00 2.0587E+00 1.6710E+00 1.3807E+00 1.3080E+00 1.2368E+00 1.1522E+00 1.0392E+00 9.1844E-01
2.5172E-01 2.9469E-01 3.3981E-01 3.8401E-01 4.3180E-01 4.8152E-01 5.3205E-01 5.8114E-01 6.2510E-01 6.5923E-01 6.7829E-01 6.7823E-01 6.5732E-01 6.2605E-01 7.0729E-01 8.0107E-01 8.8371E-01 9.4497E-01 9.7128E-01 9.4856E-01 8.6885E-01 8.8593E-01 9.4309E-01 9.6239E-01 9.4220E-01 8.8505E-01 7.8673E-01 7.0181E-01 7.1310E-01 6.9332E-01 7.6413E-01 8.2609E-01 8.4627E-01 9.4869E-01 1.3192E+00 1.0119E+00 1.2099E+00 1.0595E+00 9.7619E-01 8.8443E-01 8.6799E-01 1.0206E+00 1.0593E+00 8.0912E-01 1.2826E+00 1.8529E+00 2.2986E+00 2.5285E+00 2.4114E+00 2.0497E+00 1.6025E+00 1.4160E+00 1.1508E+00 1.1380E+00 1.0916E+00 1.0116E+00 9.3314E-01
3.2899E-01 3.7034E-01 4.0946E-01 4.4099E-01 4.7207E-01 5.0048E-01 5.2452E-01 5.4180E-01 5.4929E-01 5.4407E-01 5.4117E-01 5.6279E-01 6.5138E-01 7.2807E-01 7.8392E-01 8.1249E-01 8.1549E-01 7.8751E-01 7.2415E-01 6.7501E-01 7.3517E-01 7.8027E-01 8.0137E-01 7.9113E-01 7.4695E-01 6.7812E-01 6.7740E-01 6.7400E-01 6.4510E-01 6.8245E-01 7.3843E-01 7.3127E-01 8.4147E-01 1.1871E+00 1.1738E+00 1.0468E+00 1.0763E+00 9.9390E-01 8.6666E-01 7.5627E-01 7.5522E-01 9.0147E-01 9.6611E-01 8.0860E-01 1.0433E+00 1.5433E+00 1.9092E+00 2.0319E+00 2.0659E+00 1.8842E+00 1.5777E+00 1.3941E+00 1.1853E+00 9.8637E-01 9.9512E-01 9.7644E-01 9.4255E-01
3.7735E-01 4.0762E-01 4.3158E-01 4.4534E-01 4.5109E-01 4.5313E-01 4.4865E-01 4.4839E-01 4.4282E-01 5.0393E-01 5.7836E-01 6.4593E-01 6.9710E-01 7.2252E-01 7.1644E-01 6.7810E-01 6.1637E-01 6.0273E-01 6.3214E-01 6.5403E-01 6.7052E-01 6.8011E-01 6.7880E-01 6.6536E-01 6.4177E-01 6.4673E-01 6.4470E-01 6.0689E-01 6.0932E-01 6.5993E-01 6.6197E-01 7.4105E-01 1.0231E+00 1.1980E+00 8.7248E-01 1.0424E+00 9.0930E-01 9.1480E-01 7.6640E-01 6.5031E-01 6.6081E-01 7.9646E-01 8.7391E-01 8.1855E-01 9.2720E-01 1.2306E+00 1.5685E+00 1.7318E+00 1.6876E+00 1.6402E+00 1.4704E+00 1.3147E+00 1.2092E+00 1.0335E+00 9.1041E-01 8.8920E-01 9.0253E-01
3.8184E-01 3.9477E-01 3.9939E-01 3.9448E-01 3.8728E-01 3.8172E-01 3.9350E-01 4.5006E-01 5.0652E-01 5.5869E-01 6.0037E-01 6.2466E-01 6.2489E-01 5.9757E-01 5.4467E-01 5.2985E-01 5.5593E-01 5.7901E-01 5.9733E-01 6.1377E-01 6.2778E-01 6.3137E-01 6.5455E-01 6.9946E-01 6.6960E-01 6.0117E-01 5.7109E-01 5.4586E-01 5.9007E-01 5.9789E-01 6.5091E-01 8.6676E-01 1.1362E+00 1.0150E+00 9.0501E-01 9.5332E-01 8.6946E-01 8.3292E-01 6.7716E-01 5.6444E-01 5.8192E-01 7.0652E-01 7.8919E-01 7.9663E-01 1.0306E+00 1.1035E+00 1.2500E+00 1.4317E+00 1.4675E+00 1.3806E+00 1.3174E+00 1.1973E+00 1.1467E+00 1.0588E+00 9.1890E-01 8.7710E-01 8.2543E-01
3.4309E-01 3.5053E-01 3.5045E-01 3.5089E-01 3.7270E-01 4.1449E-01 4.5445E-01 4.8971E-01 5.1733E-01 5.3340E-01 5.3348E-01 5.1412E-01 4.7430E-01 4.5254E-01 4.7640E-01 5.0003E-01 5.2208E-01 5.4100E-01 5.5519E-01 5.6311E-01 6.5405E-01 7.5229E-01 7.8913E-01 7.4424E-01 6.2031E-01 5.3120E-01 4.9275E-01 5.3135E-01 5.4085E-01 5.7098E-01 7.3474E-01 1.0369E+00 1.0693E+00 7.5868E-01 9.0377E-01 8.2222E-01 8.1815E-01 7.5359E-01 5.9933E-01 4.9506E-01 5.1686E-01 6.3031E-01 7.1321E-01 7.5962E-01 1.0784E+00 1.1008E+00 1.1588E+00 1.2038E+00 1.2407E+00 1.2139E+00 1.1509E+00 1.1123E+00 1.0889E+00 1.0184E+00 9.4977E-01 8.6133E-01 8.0839E-01
3.2423E-01 3.4240E-01 3.4980E-01 3.9073E-01 4.2625E-01 4.5115E-01 4.6272E-01 4.6745E-01 4.6137E-01 4.4270E-01 4.1030E-01 4.2877E-01 4.2035E-01 4.2079E-01 4.4085E-01 4.6025E-01 4.7790E-01 4.9238E-01 5.9301E-01 7.2798E-01 8.2276E-01 8.5107E-01 7.9704E-01 6.6552E-01 4.8991E-01 4.6393E-01 4.7997E-01 4.9193E-01 5.0260E-01 6.3074E-01 9.3253E-01 1.0625E+00 8.8992E-01 8.0204E-01 8.4506E-01 7.5124E-01 7.5651E-01 6.7519E-01 5.3147E-01 4.3847E-01 4.6327E-01 5.6492E-01 6.4552E-01 7.2878E-01 1.0791E+00 1.0980E+00 1.1188E+00 1.2770E+00 1.2610E+00 1.1372E+00 1.0115E+00 9.9163E-01 1.0107E+00 9.8219E-01 9.3248E-01 8.6728E-01 7.9242E-01
3.2938E-01 3.5727E-01 3.9050E-01 4.1622E-01 4.3099E-01 4.3282E-01 4.1652E-01 3.9357E-01 3.8050E-01 4.0360E-01 4.0312E-01 3.7565E-01 3.6896E-01 3.8388E-01 3.9875E-01 4.1382E-01 4.8468E-01 6.3597E-01 7.7205E-01 8.6276E-01 8.8296E-01 8.2239E-01 6.8877E-01 5.3054E-01 5.8505E-01 5.6368E-01 4.6662E-01 4.4398E-01 5.4791E-01 8.3754E-01 1.0263E+00 9.6929E-01 6.8941E-01 8.0862E-01 7.5302E-01 7.1787E-01 6.9697E-01 6.0632E-01 4.6751E-01 3.9146E-01 4.1873E-01 5.0890E-01 5.8551E-01 6.6857E-01 1.0414E+00 1.1772E+00 1.0714E+00 1.2705E+00 1.3117E+00 1.1893E+00 1.1045E+00 1.0275E+00 9.5409E-01 9.7241E-01 9.5308E-01 9.0423E-01 8.3471E-01
3.5182E-01 3.7457E-01 3.8957E-01 3.9404E-01 3.8614E-01 3.6603E-01 3.6033E-01 3.8181E-01 3.8445E-01 3.6509E-01 3.2384E-01 3.1957E-01 3.5399E-01 3.9111E-01 4.2341E-01 5.0322E-01 6.5761E-01 7.8717E-01 8.7005E-01 8.8438E-01 8.2047E-01 6.8933E-01 6.1922E-01 6.9495E-01 6.8872E-01 5.9372E-01 4.5522E-01 4.7039E-01 7.4020E-01 9.6398E-01 1.0048E+00 8.0872E-01 7.4625E-01 7.7512E-01 6.5820E-01 6.8023E-01 6.4064E-01 5.4420E-01 4.1452E-01 3.5206E-01 3.8147E-01 4.6016E-01 5.3193E-01 5.9414E-01 9.7159E-01 1.2037E+00 1.0382E+00 1.1967E+00 1.2889E+00 1.2243E+00 1.1303E+00 1.0801E+00 9.5137E-01 9.5602E-01 9.5340E-01 9.1998E-01 8.6342E-01
3.4892E-01 3.5305E-01 3.4812E-01 3.3311E-01 3.5113E-01 3.7544E-01 3.7490E-01 3.5660E-01 3.2220E-01 2.7323E-01 3.1237E-01 3.5349E-01 3.9465E-01 4.3330E-01 4.9740E-01 6.4483E-01 7.7493E-01 8.5589E-01 8.5672E-01 7.9223E-01 6.6744E-01 6.8435E-01 7.8129E-01 7.9372E-01 7.0954E-01 5.5084E-01 5.0474E-01 6.4520E-01 8.7781E-01 9.8592E-01 8.8919E-01 6.7817E-01 7.7495E-01 7.1373E-01 6.3865E-01 6.3938E-01 5.8678E-01 4.8968E-01 3.6986E-01 3.1895E-01 3.4999E-01 4.1803E-01 4.8470E-01 5.1669E-01 8.7429E-01 1.1783E+00 1.1223E+00 1.0762E+00 1.2103E+00 1.2070E+00 1.0945E+00 1.0735E+00 9.7424E-01 9.1727E-01 9.3063E-01 9.1381E-01 8.6785E-01
3.1357E-01 3.0074E-01 3.2470E-01 3.5440E-01 3.6692E-01 3.5786E-01 3.2470E-01 2.7829E-01 2.6506E-01 3.0313E-01 3.4377E-01 3.8570E-01 4.2714E-01 4.7737E-01 6.0641E-01 7.2178E-01 7.9811E-01 8.0941E-01 7.4753E-01 6.2534E-01 7.1987E-01 8.3664E-01 8.6990E-01 8.0287E-01 6.5090E-01 5.8044E-01 6.0128E-01 7.8305E-01 9.3374E-01 9.2021E-01 7.3148E-01 7.2936E-01 7.5640E-01 6.3664E-01 6.1507E-01 5.9855E-01 5.3699E-01 4.4139E-01 3.3146E-01 2.9162E-01 3.2413E-01 3.8189E-01 4.4382E-01 4.6552E-01 7.6055E-01 1.1246E+00 1.1765E+00 9.3374E-01 1.0901E+00 1.1262E+00 1.0355E+00 1.0187E+00 9.5262E-01 8.6180E-01 8.8945E-01 8.8400E-01 8.5747E-01
2.9322E-01 3.2297E-01 3.4017E-01 3.4011E-01 3.2099E-01 2.8414E-01 2.3556E-01 2.5447E-01 2.9014E-01 3.2872E-01 3.6919E-01 4.1000E-01 4.5080E-01 5.5910E-01 6.5391E-01 7.1513E-01 7.2434E-01 6.7463E-01 5.7156E-01 7.2654E-01 8.5695E-01 9.1123E-01 8.6542E-01 7.2993E-01 6.1749E-01 6.6467E-01 6.8483E-01 8.5915E-01 9.0884E-01 7.9651E-01 6.4258E-01 7.3379E-01 6.9424E-01 5.7740E-01 5.8733E-01 5.5715E-01 4.9204E-01 3.9930E-01 2.9946E-01 2.6928E-01 3.0376E-01 3.5139E-01 4.0926E-01 4.3424E-01 6.3550E-01 1.0063E+00 1.1408E+00 9.3522E-01 9.3819E-01 1.0063E+00 9.6495E-01 9.3469E-01 8.9982E-01 8.1506E-01 8.3033E-01 8.4288E-01 8.3217E-01
3.1094E-01 3.1506E-01 3.0377E-01 2.7682E-01 2.3678E-01 2.2706E-01 2.4378E-01 2.7606E-01 3.1124E-01 3.4874E-01 3.8737E-01 4.2538E-01 5.1252E-01 5.8653E-01 6.3112E-01 6.3358E-01 5.8826E-01 5.2936E-01 7.0909E-01 8.5921E-01 9.2117E-01 8.9260E-01 7.9295E-01 6.6703E-01 6.8508E-01 7.2194E-01 7.7181E-01 8.6665E-01 8.2131E-01 6.4737E-01 6.7045E-01 6.9944E-01 6.0931E-01 5.6706E-01 5.6194E-01 5.2121E-01 4.5036E-01 3.6147E-01 3.3324E-01 3.3933E-01 3.8594E-01 4.1747E-01 4.7412E-01 4.9568E-01 5.1087E-01 8.5908E-01 1.0523E+00 1.0003E+00 9.1288E-01 9.1870E-01 8.6953E-01 8.4570E-01 8.3131E-01 7.7839E-01 7.6615E-01 7.9137E-01 7.9554E-01
2.8622E-01 2.6571E-01 2.3346E-01 2.0533E-01 2.1515E-01 2.3228E-01 2.6350E-01 2.9526E-01 3.2760E-01 3.6248E-01 4.0101E-01 4.7275E-01 5.2837E-01 5.5750E-01 5.5188E-01 5.1107E-01 5.0621E-01 6.5499E-01 8.0852E-01 9.0206E-01 9.0205E-01 8.2464E-01 7.1341E-01 6.7017E-01 7.2596E-01 7.4850E-01 8.0357E-01 8.1323E-01 6.9624E-01 6.0724E-01 6.6208E-01 6.3716E-01 5.4094E-01 5.5503E-01 5.3736E-01 4.8859E-01 4.1582E-01 3.7825E-01 4.0468E-01 4.1233E-01 4.8173E-01 4.9797E-01 5.6337E-01 5.8972E-01 5.7044E-01 7.6669E-01 1.0332E+00 1.0614E+00 8.8168E-01 9.5775E-01 8.3381E-01 7.8497E-01 7.5726E-01 7.3219E-01 7.0063E-01 7.3575E-01 7.5197E-01
2.3022E-01 1.9527E-01 1.9441E-01 2.0196E-01 2.3120E-01 2.6385E-01 2.8457E-01 3.3477E-01 3.7068E-01 3.8594E-01 4.4194E-01 4.8281E-01 4.9887E-01 4.8553E-01 4.8074E-01 4.8198E-01 5.8974E-01 7.3121E-01 8.2986E-01 8.5375E-01 8.1140E-01 7.3488E-01 6.2889E-01 7.0677E-01 7.4570E-01 7.4499E-01 7.8073E-01 7.1674E-01 6.5639E-01 6.9201E-01 6.8408E-01 6.3109E-01 5.4110E-01 5.4267E-01 5.1426E-01 4.5900E-01 3.9450E-01 4.4056E-01 4.7114E-01 4.9712E-01 5.7852E-01 5.5836E-01 6.2964E-01 6.5994E-01 6.4211E-01 6.9405E-01 9.7975E-01 1.0729E+00 9.1940E-01 9.5011E-01 8.9546E-01 7.0891E-01 7.0984E-01 6.8222E-01 6.5271E-01 6.7779E-01 7.0413E-01
1.8871E-01 1.8405E-01 1.9778E-01 2.2990E-01 2.5622E-01 2.9097E-01 3.3933E-01 3.6946E-01 3.7272E-01 4.2327E-01 4.5188E-01 4.5496E-01 4.3495E-01 4.4537E-01 4.4913E-01 5.2602E-01 6.4974E-01 7.4213E-01 7.7580E-01 7.5395E-01 7.0793E-01 6.0259E-01 6.4159E-01 7.0580E-01 7.3672E-01 7.2399E-01 7.0564E-01 6.5595E-01 7.2366E-01 7.5272E-01 7.3515E-01 6.7134E-01 5.7049E-01 5.2658E-01 4.8921E-01 4.3127E-01 4.4477E-01 4.9547E-01 5.2900E-01 5.7778E-01 6.6721E-01 6.1439E-01 6.6989E-01 7.0305E-01 6.8768E-01 6.6911E-01 9.0255E-01 1.0455E+00 9.6210E-01 9.0860E-01 9.1887E-01 7.7091E-01 7.0076E-01 6.7940E-01 6.2621E-01 6.2038E-01 6.5462E-01
1.7874E-01 1.9957E-01 2.2550E-01 2.4478E-01 2.9417E-01 3.3453E-01 3.5701E-01 3.5466E-01 3.9755E-01 4.2526E-01 4.2674E-01 3.9853E-01 4.0897E-01 4.1385E-01 4.7043E-01 5.7589E-01 6.5677E-01 6.9189E-01 6.8082E-01 6.5554E-01 5.8826E-01 5.5917E-01 6.3033E-01 6.7805E-01 6.9336E-01 6.7293E-01 6.1750E-01 7.0644E-01 7.6710E-01 7.8634E-01 7.5812E-01 6.8467E-01 5.7685E-01 5.0373E-01 4.6257E-01 4.2133E-01 4.8601E-01 5.3964E-01 5.7485E-01 6.4793E-01 7.4283E-01 6.8800E-01 6.8538E-01 7.2056E-01 7.2060E-01 7.3852E-01 8.2397E-01 9.9226E-01 9.7262E-01 8.4553E-01 9.1105E-01 8.2080E-01 6.8389E-01 6.7802E-01 6.4035E-01 5.7926E-01 6.0488E-01
2.0197E-01 2.2140E-01 2.5110E-01 2.9251E-01 3.2363E-01 3.3781E-01 3.3013E-01 3.6945E-01 3.9305E-01 3.9367E-01 3.6984E-01 3.7517E-01 3.7916E-01 4.2473E-01 5.1442E-01 5.8316E-01 6.1503E-01 6.0946E-01 5.9702E-01 5.5453E-01 5.2846E-01 5.8548E-01 6.1938E-01 6.3029E-01 6.3091E-01 5.9920E-01 6.5806E-01 7.4329E-01 7.9129E-01 7.9357E-01 7.5426E-01 6.7292E-01 5.6142E-01 4.8145E-01 4.3418E-01 4.4868E-01 5.1541E-01 5.7035E-01 6.0620E-01 7.0426E-01 8.0239E-01 7.4660E-01 6.7652E-01 8.1462E-01 8.4732E-01 7.7850E-01 8.9264E-01 9.2443E-01 9.5884E-01 8.1647E-01 8.8115E-01 8.4713E-01 6.8917E-01 6.7321E-01 6.5429E-01 6.0169E-01 5.5517E-01
2.2081E-01 2.5594E-01 2.8884E-01 3.1049E-01 3.1635E-01 3.0689E-01 3.4146E-01 3.6073E-01 3.6016E-01 3.3994E-01 3.4789E-01 3.5000E-01 3.8626E-01 4.6590E-01 5.2394E-01 5.5074E-01 5.4829E-01 5.4326E-01 5.0857E-01 4.9370E-01 5.4905E-01 5.9520E-01 6.1776E-01 6.1126E-01 5.7507E-01 5.7179E-01 6.7361E-01 7.5368E-01 7.9733E-01 7.8880E-01 7.3362E-01 6.4127E-01 5.2821E-01 4.5534E-01 4.0545E-01 4.6452E-01 5.3157E-01 5.8598E-01 6.2115E-01 7.4261E-01 8.4169E-01 7.8625E-01 6.7936E-01 8.9589E-01 9.5326E-01 8.1740E-01 9.2532E-01 9.1802E-01 9.2881E-01 8.3974E-01 8.3660E-01 8.5420E-01 7.4343E-01 6.6166E-01 6.4929E-01 6.0772E-01 5.4344E-01
2.6140E-01 2.8576E-01 2.9803E-01 2.9567E-01 2.8792E-01 3.1639E-01 3.3110E-01 3.2864E-01 3.1143E-01 3.1874E-01 3.2192E-01 3.5302E-01 4.2274E-01 4.7409E-01 5.0018E-01 5.0032E-01 4.9934E-01 4.6537E-01 4.5210E-01 5.0066E-01 5.5249E-01 5.8627E-01 5.9624E-01 5.7993E-01 5.3781E-01 5.7633E-01 6.6679E-01 7.3379E-01 7.6472E-01 7.5167E-01 6.9414E-01 5.9875E-01 4.8437E-01 4.2635E-01 4.5750E-01 5.0883E-01 5.3473E-01 5.8792E-01 6.2160E-01 7.6133E-01 8.5971E-01 8.0594E-01 7.0884E-01 9.4750E-01 1.0295E+00 9.0804E-01 9.2181E-01 9.4479E-01 8.8912E-01 8.4941E-01 7.8157E-01 8.4443E-01 7.7551E-01 6.3417E-01 6.3180E-01 6.0174E-01 5.4872E-01
2.8707E-01 2.8811E-01 2.7782E-01 2.7288E-01 2.9579E-01 3.0609E-01 3.0143E-01 2.8535E-01 2.9168E-01 2.9460E-01 3.2129E-01 3.8378E-01 4.3162E-01 4.5448E-01 4.6654E-01 4.6616E-01 4.3865E-01 4.1060E-01 4.4879E-01 5.0138E-01 5.4094E-01 5.6186E-01 5.6032E-01 5.3556E-01 4.9976E-01 5.6593E-01 6.4214E-01 6.9407E-01 7.1162E-01 6.8948E-01 6.2882E-01 5.3782E-01 4.3246E-01 4.4038E-01 5.1859E-01 5.7078E-01 5.8475E-01 5.7785E-01 6.1006E-01 7.6037E-01 8.5720E-01 8.0642E-01 7.1030E-01 9.6390E-01 1.0701E+00 9.6892E-01 8.8774E-01 9.4354E-01 8.5243E-01 8.5213E-01 7.1446E-01 8.0368E-01 7.7933E-01 6.4867E-01 6.0557E-01 5.8635E-01 5.4469E-01
2.8166E-01 2.6432E-01 2.6316E-01 2.8035E-01 2.8663E-01 2.7948E-01 2.6266E-01 2.6730E-01 2.6969E-01 2.9267E-01 3.4762E-01 3.9058E-01 4.1304E-01 4.3651E-01 4.4448E-01 4.2124E-01 3.7360E-01 3.9981E-01 4.5010E-01 4.9082E-01 5.1739E-01 5.2604E-01 5.1480E-01 4.8387E-01 5.1067E-01 5.4368E-01 6.0416E-01 6.4094E-01 6.4619E-01 6.1665E-01 5.5476E-01 4.6894E-01 4.0587E-01 4.8806E-01 5.7019E-01 6.2417E-01 6.3679E-01 6.0297E-01 5.9312E-01 7.5075E-01 8.4791E-01 7.9963E-01 7.1215E-01 9.5543E-01 1.0845E+00 1.0056E+00 8.3316E-01 9.1011E-01 8.4814E-01 8.2456E-01 7.2752E-01 7.4443E-01 7.5910E-01 6.6819E-01 5.7330E-01 5.6381E-01 5.3345E-01
2.4938E-01 2.5487E-01 2.7151E-01 2.7315E-01 2.6295E-01 2.4405E-01 2.4717E-01 2.4806E-01 2.6817E-01 3.1590E-01 3.5352E-01 3.7425E-01 4.0230E-01 4.1624E-01 4.0340E-01 3.6520E-01 3.6011E-01 4.0609E-01 4.4275E-01 4.7117E-01 4.8531E-01 4.8306E-01 4.6403E-01 4.9195E-01 5.0635E-01 5.1365E-01 5.5895E-01 5.8136E-01 5.7553E-01 5.4055E-01 4.7967E-01 4.0955E-01 4.2793E-01 5.2355E-01 6.0501E-01 6.5617E-01 6.6453E-01 6.2590E-01 6.0662E-01 7.1655E-01 8.0837E-01 7.6551E-01 7.1808E-01 9.0780E-01 1.0485E+00 9.9530E-01 7.7657E-01 8.4393E-01 8.1445E-01 7.7982E-01 7.2184E-01 6.7480E-01 7.2068E-01 6.6827E-01 5.4131E-01 5.3747E-01 5.1746E-01
