inst/extdata/rank(1)_cd_1hr_conc_cd.grd
DSAA
          81          81
     760.250     764.250
    5036.750    5040.750
  0.1787E+00  0.8631E+01
[rows 25 to 49 of 81, columns 0 to 56 of 81]
3.5187E-01 3.6844E-01 3.8044E-01 3.8523E-01 3.8050E-01 3.7147E-01 3.9033E-01 4.0794E-01 4.2369E-01 4.3777E-01 4.6878E-01 5.1973E-01 5.5200E-01 5.5855E-01 6.1799E-01 6.9162E-01 7.6216E-01 8.2147E-01 8.6281E-01 8.8136E-01 8.7632E-01 8.6019E-01 9.0005E-01 9.3362E-01 9.0810E-01 8.3889E-01 8.9663E-01 1.0180E+00 1.1362E+00 1.0861E+00 9.9530E-01 1.0531E+00 1.2043E+00 1.1025E+00 1.3175E+00 1.4787E+00 1.5441E+00 1.3752E+00 1.6634E+00 1.5541E+00 1.5707E+00 1.6074E+00 1.3991E+00 1.2670E+00 1.5013E+00 1.5531E+00 1.3545E+00 1.3344E+00 1.4142E+00 1.2134E+00 1.2375E+00 1.2113E+00 1.1152E+00 1.1263E+00 1.0419E+00 9.4554E-01 9.3885E-01
3.3182E-01 3.6145E-01 3.8938E-01 4.1263E-01 4.2788E-01 4.3163E-01 4.2194E-01 4.2423E-01 4.4722E-01 4.6683E-01 4.8632E-01 5.0096E-01 5.5760E-01 6.1097E-01 6.5538E-01 6.7058E-01 7.5087E-01 8.2297E-01 8.7966E-01 9.1669E-01 9.2740E-01 9.1227E-01 9.2673E-01 1.0048E+00 1.0429E+00 9.5145E-01 8.4506E-01 9.7514E-01 1.0733E+00 1.2251E+00 1.0974E+00 1.0747E+00 1.2434E+00 1.1771E+00 1.2490E+00 1.5451E+00 1.6029E+00 1.4616E+00 1.7353E+00 1.7536E+00 1.6403E+00 1.6232E+00 1.4797E+00 1.4450E+00 1.5325E+00 1.5430E+00 1.4658E+00 1.4295E+00 1.4855E+00 1.2592E+00 1.2978E+00 1.2466E+00 1.1708E+00 1.1316E+00 9.9965E-01 1.0566E+00 8.9457E-01
3.2294E-01 3.2676E-01 3.5930E-01 3.9685E-01 4.3041E-01 4.5551E-01 4.6864E-01 4.6696E-01 4.5774E-01 4.8578E-01 5.1230E-01 5.3675E-01 5.5912E-01 6.3736E-01 7.1719E-01 7.6056E-01 7.5697E-01 7.9260E-01 8.6337E-01 9.1603E-01 9.4603E-01 9.5303E-01 9.3357E-01 9.8567E-01 1.1202E+00 1.1521E+00 1.0462E+00 1.0356E+00 1.1510E+00 1.2377E+00 1.3100E+00 1.1369E+00 1.1769E+00 1.2846E+00 1.3003E+00 1.5426E+00 1.6708E+00 1.5774E+00 1.7781E+00 1.9535E+00 1.7157E+00 1.6348E+00 1.5094E+00 1.6323E+00 1.5020E+00 1.5480E+00 1.6057E+00 1.4644E+00 1.3635E+00 1.2825E+00 1.2949E+00 1.2219E+00 1.1781E+00 1.0248E+00 1.1648E+00 9.6920E-01 1.0067E+00
3.1889E-01 3.2368E-01 3.2732E-01 3.4093E-01 3.8517E-01 4.2615E-01 4.6007E-01 4.8230E-01 4.8725E-01 4.8977E-01 5.2368E-01 5.5769E-01 5.9088E-01 6.2700E-01 7.3690E-01 8.1285E-01 8.4221E-01 8.6022E-01 8.8708E-01 8.7897E-01 9.2947E-01 9.5909E-01 9.6221E-01 9.3679E-01 1.0179E+00 1.2251E+00 1.2308E+00 1.1675E+00 1.1779E+00 1.2553E+00 1.3900E+00 1.3187E+00 1.2353E+00 1.3314E+00 1.3397E+00 1.4658E+00 1.7973E+00 1.7760E+00 1.8031E+00 2.1115E+00 1.7845E+00 1.7084E+00 1.7317E+00 1.8263E+00 1.6551E+00 1.7268E+00 1.6466E+00 1.5567E+00 1.4394E+00 1.3452E+00 1.2287E+00 1.1706E+00 1.1272E+00 1.2371E+00 1.0879E+00 1.0581E+00 1.1091E+00
3.3611E-01 3.1687E-01 3.3027E-01 3.4427E-01 3.5644E-01 3.6734E-01 3.9787E-01 4.3504E-01 4.6935E-01 4.9901E-01 5.2212E-01 5.6075E-01 6.0376E-01 6.4555E-01 7.0150E-01 8.1099E-01 8.7962E-01 8.8920E-01 9.8389E-01 1.0511E+00 1.0653E+00 1.0097E+00 9.5354E-01 9.4779E-01 9.0547E-01 1.0619E+00 1.2781E+00 1.2678E+00 1.2457E+00 1.2557E+00 1.2796E+00 1.4454E+00 1.3236E+00 1.4429E+00 1.4988E+00 1.5739E+00 1.8885E+00 1.9936E+00 1.8760E+00 2.2255E+00 1.9348E+00 1.9615E+00 2.0052E+00 1.9983E+00 1.8653E+00 1.7814E+00 1.5341E+00 1.6285E+00 1.6920E+00 1.5156E+00 1.2646E+00 1.2122E+00 1.2403E+00 1.1654E+00 1.0999E+00 1.1661E+00 1.1924E+00
3.9998E-01 3.9801E-01 3.8449E-01 3.6044E-01 3.7509E-01 3.9044E-01 4.0137E-01 4.1214E-01 4.2236E-01 4.5104E-01 4.9792E-01 5.4447E-01 5.9492E-01 6.4581E-01 6.9571E-01 7.4689E-01 8.4673E-01 8.9435E-01 9.6358E-01 1.1157E+00 1.2328E+00 1.2811E+00 1.2317E+00 1.0767E+00 8.9242E-01 9.7304E-01 1.0648E+00 1.2318E+00 1.3495E+00 1.2641E+00 1.2359E+00 1.3694E+00 1.4179E+00 1.5114E+00 1.5943E+00 1.7504E+00 1.9328E+00 2.1772E+00 2.0623E+00 2.2849E+00 2.1922E+00 2.2851E+00 2.3025E+00 2.0952E+00 2.0494E+00 1.8705E+00 1.7091E+00 1.9507E+00 1.9356E+00 1.6351E+00 1.2718E+00 1.2823E+00 1.2318E+00 1.1572E+00 1.2089E+00 1.2462E+00 1.2432E+00
4.0546E-01 4.2375E-01 4.2798E-01 4.2225E-01 4.1661E-01 4.0811E-01 4.1796E-01 4.3514E-01 4.5246E-01 4.6931E-01 4.8452E-01 5.0906E-01 5.6378E-01 6.2189E-01 6.7728E-01 7.2773E-01 7.7026E-01 8.2336E-01 8.5537E-01 1.0283E+00 1.2343E+00 1.4018E+00 1.4793E+00 1.4239E+00 1.2285E+00 1.0577E+00 1.1222E+00 1.1400E+00 1.2795E+00 1.3679E+00 1.2340E+00 1.2031E+00 1.4413E+00 1.5487E+00 1.8502E+00 1.8873E+00 2.2487E+00 2.2726E+00 2.1994E+00 2.3070E+00 2.4123E+00 2.6007E+00 2.5756E+00 2.3534E+00 2.2731E+00 2.1617E+00 2.0531E+00 2.2540E+00 2.0993E+00 1.6411E+00 1.3940E+00 1.4353E+00 1.3575E+00 1.2415E+00 1.2923E+00 1.3666E+00 1.4300E+00
3.5399E-01 3.7972E-01 4.0089E-01 4.1745E-01 4.3674E-01 4.5333E-01 4.6414E-01 4.6492E-01 4.6841E-01 4.9277E-01 5.1622E-01 5.3688E-01 5.5248E-01 5.7233E-01 6.3063E-01 6.8634E-01 7.3940E-01 7.8401E-01 8.2122E-01 8.4699E-01 1.0512E+00 1.2984E+00 1.4969E+00 1.5788E+00 1.4953E+00 1.2524E+00 1.2061E+00 1.2570E+00 1.2527E+00 1.2931E+00 1.3650E+00 1.1726E+00 1.2281E+00 1.5055E+00 1.8583E+00 1.9622E+00 2.5371E+00 2.5578E+00 2.3298E+00 2.3496E+00 2.5214E+00 2.8271E+00 2.8236E+00 2.6023E+00 2.4860E+00 2.3820E+00 2.3785E+00 2.4363E+00 2.0882E+00 1.6058E+00 1.7101E+00 1.6290E+00 1.4245E+00 1.3135E+00 1.4888E+00 1.5140E+00 1.2854E+00
3.3162E-01 3.3862E-01 3.3839E-01 3.4908E-01 3.8314E-01 4.1836E-01 4.5230E-01 4.8074E-01 4.9782E-01 4.9827E-01 5.2895E-01 5.5746E-01 5.8163E-01 5.9879E-01 6.0706E-01 6.1781E-01 6.7403E-01 7.3489E-01 7.9564E-01 8.3905E-01 8.5158E-01 1.0007E+00 1.2541E+00 1.4431E+00 1.4751E+00 1.3706E+00 1.2211E+00 1.3072E+00 1.3346E+00 1.2839E+00 1.2910E+00 1.3469E+00 1.2385E+00 1.4693E+00 1.6742E+00 2.2538E+00 2.6338E+00 2.9271E+00 2.3806E+00 2.4600E+00 2.7749E+00 2.8779E+00 3.0182E+00 2.6989E+00 2.6607E+00 2.7434E+00 2.5783E+00 2.4006E+00 1.8499E+00 2.0119E+00 1.9666E+00 1.7301E+00 1.5135E+00 1.5885E+00 1.5334E+00 1.2817E+00 1.1718E+00
2.9053E-01 3.0062E-01 3.0776E-01 3.2301E-01 3.3003E-01 3.5560E-01 3.8398E-01 4.1503E-01 4.4855E-01 4.8397E-01 5.1985E-01 5.5442E-01 5.8550E-01 6.0997E-01 6.2253E-01 6.3032E-01 6.3660E-01 6.7165E-01 7.5180E-01 8.2037E-01 8.6599E-01 8.7700E-01 8.7493E-01 1.0698E+00 1.2037E+00 1.2317E+00 1.1622E+00 1.2729E+00 1.3265E+00 1.2995E+00 1.2877E+00 1.2721E+00 1.3214E+00 1.4324E+00 1.6534E+00 2.0446E+00 2.4265E+00 3.0122E+00 2.5600E+00 2.7320E+00 2.9083E+00 2.8847E+00 2.9681E+00 2.7367E+00 2.6710E+00 2.9017E+00 2.5332E+00 2.1358E+00 2.2379E+00 2.3058E+00 2.1460E+00 1.8609E+00 1.6822E+00 1.5811E+00 1.4022E+00 1.2844E+00 1.2588E+00
2.8478E-01 3.0257E-01 3.1872E-01 3.3214E-01 3.3971E-01 3.4696E-01 3.5760E-01 3.7866E-01 4.1330E-01 4.5044E-01 4.8885E-01 5.2684E-01 5.6210E-01 5.9236E-01 6.0943E-01 6.2866E-01 6.4509E-01 6.5583E-01 6.5751E-01 7.2515E-01 7.9173E-01 8.3091E-01 8.9356E-01 9.4876E-01 9.4881E-01 8.9412E-01 1.0311E+00 1.1499E+00 1.2176E+00 1.2100E+00 1.1836E+00 1.3184E+00 1.2326E+00 1.4069E+00 1.5281E+00 1.7099E+00 2.2928E+00 2.6608E+00 2.5350E+00 2.8893E+00 3.0512E+00 2.9594E+00 2.7811E+00 2.6924E+00 2.6636E+00 2.7089E+00 2.5832E+00 2.2892E+00 2.5484E+00 2.5620E+00 2.2608E+00 1.8725E+00 1.7539E+00 1.5254E+00 1.3949E+00 1.3397E+00 1.3456E+00
2.4046E-01 2.6090E-01 2.8140E-01 3.0094E-01 3.1596E-01 3.3434E-01 3.5601E-01 3.8086E-01 4.0825E-01 4.3686E-01 4.6500E-01 4.8983E-01 5.1408E-01 5.4650E-01 5.7043E-01 5.9678E-01 6.5068E-01 7.1245E-01 7.7765E-01 8.4063E-01 8.9256E-01 9.2141E-01 9.1690E-01 9.5044E-01 9.6608E-01 1.0052E+00 1.0112E+00 9.5873E-01 1.0910E+00 1.1547E+00 1.0861E+00 1.1560E+00 1.3326E+00 1.3066E+00 1.5019E+00 1.5714E+00 2.0018E+00 2.3843E+00 2.6153E+00 3.0003E+00 3.1457E+00 3.0056E+00 2.7236E+00 2.5646E+00 2.4510E+00 2.7112E+00 2.6106E+00 2.6147E+00 2.7621E+00 2.5524E+00 2.2213E+00 1.9553E+00 1.6610E+00 1.5143E+00 1.5577E+00 1.5221E+00 1.4364E+00
2.6930E-01 2.7773E-01 2.8584E-01 2.9370E-01 3.0095E-01 3.0988E-01 3.2054E-01 3.3289E-01 3.6295E-01 4.0102E-01 4.4222E-01 4.8441E-01 5.2471E-01 5.6016E-01 5.8068E-01 6.0726E-01 6.7621E-01 7.6504E-01 8.6356E-01 9.6581E-01 1.0606E+00 1.1315E+00 1.1610E+00 1.1346E+00 1.0673E+00 1.0280E+00 9.9279E-01 1.0947E+00 1.1398E+00 1.1169E+00 1.3002E+00 1.3378E+00 1.1416E+00 1.3428E+00 1.4006E+00 1.6271E+00 1.9493E+00 2.3655E+00 2.7022E+00 3.1873E+00 3.3823E+00 3.2117E+00 2.7260E+00 2.2679E+00 2.4450E+00 2.5842E+00 2.6400E+00 2.7936E+00 2.8715E+00 2.8218E+00 2.5364E+00 2.1384E+00 1.7776E+00 1.7317E+00 1.6270E+00 1.4648E+00 1.3107E+00
2.9153E-01 3.0238E-01 3.1291E-01 3.2339E-01 3.3325E-01 3.4556E-01 3.6030E-01 3.7750E-01 3.9675E-01 4.1788E-01 4.4104E-01 4.6519E-01 4.8963E-01 5.1420E-01 5.4243E-01 5.7505E-01 6.4919E-01 7.5491E-01 8.7601E-01 1.0072E+00 1.1368E+00 1.2457E+00 1.3120E+00 1.3175E+00 1.2766E+00 1.1750E+00 1.0163E+00 9.0520E-01 1.0993E+00 1.2703E+00 1.3622E+00 1.3898E+00 1.6106E+00 1.5151E+00 1.4524E+00 1.5873E+00 1.8187E+00 2.1981E+00 2.6524E+00 3.2647E+00 3.5241E+00 3.3027E+00 2.9979E+00 2.5145E+00 2.1659E+00 2.2926E+00 2.6147E+00 3.0118E+00 3.1647E+00 3.0127E+00 2.6209E+00 2.1328E+00 1.8901E+00 1.7708E+00 1.6571E+00 1.5029E+00 1.3436E+00
3.5885E-01 3.6556E-01 3.6855E-01 3.7635E-01 3.8556E-01 3.9565E-01 4.1253E-01 4.3520E-01 4.5778E-01 4.7883E-01 4.9717E-01 5.2242E-01 5.5507E-01 5.8810E-01 6.2744E-01 6.7384E-01 7.2693E-01 7.8326E-01 8.3652E-01 9.4804E-01 1.0930E+00 1.2234E+00 1.3134E+00 1.3544E+00 1.3454E+00 1.2717E+00 1.2298E+00 1.1488E+00 1.0139E+00 9.6338E-01 1.2507E+00 1.5363E+00 1.7010E+00 1.7835E+00 1.9580E+00 1.6741E+00 1.8504E+00 2.2537E+00 2.6524E+00 3.0549E+00 3.3897E+00 3.0975E+00 2.7570E+00 2.2427E+00 2.1712E+00 2.5209E+00 2.7223E+00 3.0479E+00 3.0597E+00 2.8150E+00 2.5204E+00 2.2065E+00 2.0125E+00 1.8365E+00 1.6120E+00 1.4058E+00 1.5277E+00
4.0065E-01 4.1929E-01 4.3545E-01 4.5248E-01 4.7687E-01 5.0657E-01 5.4139E-01 5.8024E-01 6.2153E-01 6.6307E-01 7.0238E-01 7.3690E-01 7.6386E-01 7.9376E-01 8.2613E-01 8.5840E-01 8.8644E-01 9.0430E-01 9.5667E-01 1.0171E+00 1.0527E+00 1.0666E+00 1.1625E+00 1.2271E+00 1.2422E+00 1.2529E+00 1.3549E+00 1.4401E+00 1.4926E+00 1.4892E+00 1.4004E+00 1.2094E+00 1.3905E+00 1.8528E+00 2.1280E+00 2.2799E+00 2.0674E+00 2.2938E+00 2.7848E+00 3.1962E+00 3.3819E+00 2.9908E+00 2.5228E+00 2.6047E+00 2.6494E+00 2.0490E+00 2.4761E+00 2.6507E+00 2.5629E+00 2.5066E+00 2.2808E+00 2.2310E+00 2.1075E+00 1.8784E+00 1.7490E+00 1.7958E+00 1.7739E+00
4.4353E-01 4.6449E-01 4.8150E-01 5.0025E-01 5.2782E-01 5.6238E-01 6.0411E-01 6.5208E-01 7.0486E-01 7.6005E-01 8.1464E-01 8.6521E-01 9.0691E-01 9.5610E-01 1.0139E+00 1.0787E+00 1.1462E+00 1.2085E+00 1.2547E+00 1.2700E+00 1.2713E+00 1.2643E+00 1.1985E+00 1.1155E+00 1.0099E+00 9.7694E-01 9.3427E-01 1.0765E+00 1.2328E+00 1.3989E+00 1.5673E+00 1.7254E+00 1.8254E+00 1.8044E+00 1.5761E+00 2.0544E+00 2.5228E+00 2.6258E+00 3.1270E+00 3.6974E+00 4.2948E+00 3.8126E+00 3.2126E+00 2.7072E+00 2.3195E+00 1.9367E+00 2.6195E+00 2.8269E+00 2.7171E+00 2.4482E+00 2.2960E+00 2.3246E+00 2.1738E+00 2.0188E+00 1.8558E+00 1.7645E+00 1.6293E+00
4.2898E-01 4.4777E-01 4.6233E-01 4.7936E-01 5.0394E-01 5.3513E-01 5.7328E-01 6.1778E-01 6.6766E-01 7.2101E-01 7.7532E-01 8.2922E-01 8.7295E-01 9.2684E-01 9.9086E-01 1.0642E+00 1.1438E+00 1.2229E+00 1.2908E+00 1.3316E+00 1.3258E+00 1.2582E+00 1.2057E+00 1.1609E+00 1.0923E+00 1.0072E+00 9.1076E-01 8.1730E-01 8.7302E-01 9.5809E-01 1.0478E+00 1.1406E+00 1.2274E+00 1.3874E+00 1.7265E+00 2.1467E+00 2.5529E+00 2.8704E+00 3.4309E+00 5.4912E+00 8.6313E+00 5.6604E+00 3.8030E+00 3.0888E+00 3.6551E+00 3.9834E+00 3.6158E+00 3.0451E+00 2.4877E+00 2.4836E+00 2.6684E+00 2.6064E+00 2.3643E+00 2.0407E+00 1.8822E+00 1.7751E+00 1.6567E+00
3.6342E-01 3.7648E-01 3.8661E-01 3.9892E-01 4.1586E-01 4.3735E-01 4.6360E-01 4.9439E-01 5.2922E-01 5.6701E-01 6.0638E-01 6.4700E-01 6.8188E-01 7.2332E-01 7.7080E-01 8.2758E-01 9.0843E-01 9.9730E-01 1.0888E+00 1.1725E+00 1.2344E+00 1.2574E+00 1.2507E+00 1.2218E+00 1.1750E+00 1.1150E+00 1.0438E+00 9.6165E-01 8.6944E-01 7.7206E-01 8.3992E-01 9.4400E-01 1.0950E+00 1.2958E+00 1.5568E+00 1.9042E+00 2.3664E+00 2.9685E+00 3.6900E+00 6.6371E+00 4.8392E+00 4.6602E+00 4.1029E+00 3.2379E+00 3.2709E+00 4.1774E+00 4.4233E+00 4.2720E+00 3.9422E+00 3.5513E+00 3.1580E+00 2.7909E+00 2.4679E+00 2.1892E+00 1.9501E+00 1.7454E+00 1.5698E+00
3.3683E-01 3.5492E-01 3.7156E-01 3.8485E-01 4.0729E-01 4.3454E-01 4.6630E-01 5.0164E-01 5.3969E-01 5.7872E-01 6.1712E-01 6.5320E-01 6.8721E-01 7.3002E-01 7.8366E-01 8.4831E-01 9.2302E-01 1.0046E+00 1.0872E+00 1.1608E+00 1.2118E+00 1.2246E+00 1.2078E+00 1.1687E+00 1.1116E+00 1.0408E+00 9.5852E-01 8.6481E-01 7.6107E-01 7.4367E-01 8.8750E-01 1.0431E+00 1.2125E+00 1.3833E+00 1.5309E+00 1.7689E+00 2.2126E+00 2.7785E+00 3.5157E+00 4.4946E+00 8.3969E+00 5.5246E+00 3.5176E+00 2.9674E+00 5.4540E+00 4.5189E+00 2.7928E+00 1.8227E+00 1.9599E+00 2.1597E+00 2.2653E+00 2.1897E+00 1.9786E+00 1.7023E+00 1.5047E+00 1.3533E+00 1.2133E+00
3.3978E-01 3.5327E-01 3.6249E-01 3.7590E-01 3.9272E-01 4.1299E-01 4.3656E-01 4.6241E-01 4.8968E-01 5.1684E-01 5.4262E-01 5.6578E-01 6.2323E-01 6.9446E-01 7.7372E-01 8.6479E-01 9.6738E-01 1.0774E+00 1.1855E+00 1.2730E+00 1.3145E+00 1.2809E+00 1.1837E+00 1.0456E+00 9.4640E-01 8.6411E-01 7.6324E-01 6.4174E-01 6.4220E-01 7.6680E-01 9.1327E-01 1.0793E+00 1.2575E+00 1.4394E+00 1.5988E+00 1.9249E+00 2.2480E+00 2.3406E+00 2.6667E+00 3.1829E+00 3.9233E+00 3.8439E+00 2.7535E+00 2.2163E+00 1.8492E+00 1.6589E+00 2.7706E+00 3.6299E+00 3.4387E+00 2.7438E+00 2.1874E+00 2.2630E+00 2.1588E+00 1.9385E+00 1.6797E+00 1.4348E+00 1.2267E+00
3.0646E-01 3.0792E-01 3.1487E-01 3.2466E-01 3.5578E-01 3.9100E-01 4.2849E-01 4.7192E-01 5.2183E-01 5.7783E-01 6.3904E-01 7.0330E-01 7.7492E-01 8.5307E-01 9.3530E-01 1.0279E+00 1.1290E+00 1.2315E+00 1.3229E+00 1.3826E+00 1.3854E+00 1.3114E+00 1.1670E+00 9.9234E-01 9.2077E-01 8.4564E-01 7.3524E-01 6.1614E-01 6.3740E-01 7.5833E-01 8.9749E-01 1.0559E+00 1.2732E+00 1.4945E+00 1.6138E+00 1.5676E+00 1.6856E+00 1.7342E+00 2.3133E+00 2.7357E+00 2.6517E+00 2.7238E+00 2.1177E+00 2.1300E+00 2.1224E+00 1.6039E+00 1.2427E+00 1.1931E+00 1.2947E+00 1.7119E+00 2.0259E+00 2.1636E+00 2.1296E+00 1.9701E+00 1.7318E+00 1.4659E+00 1.2671E+00
3.5657E-01 3.5054E-01 3.5179E-01 3.7728E-01 4.0963E-01 4.4654E-01 4.8372E-01 5.2610E-01 5.7381E-01 6.2590E-01 6.8062E-01 7.3521E-01 7.9197E-01 8.5302E-01 9.1102E-01 9.7169E-01 1.0318E+00 1.0839E+00 1.1174E+00 1.1179E+00 1.0711E+00 9.7246E-01 9.0540E-01 8.9139E-01 8.4686E-01 7.7338E-01 7.2310E-01 7.2708E-01 7.1227E-01 8.4427E-01 9.8525E-01 1.1128E+00 1.1855E+00 1.2566E+00 1.3315E+00 1.3312E+00 1.3381E+00 1.6960E+00 2.2995E+00 2.3520E+00 2.1671E+00 2.4578E+00 2.1782E+00 1.7382E+00 1.6417E+00 1.8710E+00 1.6395E+00 1.4144E+00 1.4904E+00 1.4925E+00 1.6079E+00 1.8077E+00 1.8498E+00 1.7583E+00 1.5749E+00 1.3496E+00 1.1971E+00
3.2266E-01 3.3995E-01 3.6328E-01 3.8719E-01 4.1393E-01 4.4394E-01 4.7305E-01 5.0483E-01 5.3912E-01 5.7480E-01 6.0999E-01 6.4225E-01 6.7127E-01 6.9976E-01 7.2127E-01 7.3860E-01 7.4807E-01 7.4550E-01 8.2763E-01 9.5076E-01 1.0454E+00 1.0909E+00 1.0834E+00 1.0144E+00 8.8237E-01 8.7205E-01 9.3954E-01 1.0360E+00 1.0697E+00 1.0076E+00 9.1721E-01 1.0593E+00 1.1374E+00 1.1042E+00 1.1037E+00 1.2531E+00 1.3349E+00 1.7059E+00 1.9046E+00 1.8924E+00 1.8109E+00 2.0447E+00 1.9698E+00 1.5555E+00 1.9392E+00 2.1009E+00 1.9095E+00 1.9654E+00 1.7902E+00 1.8720E+00 1.7843E+00 1.5307E+00 1.3518E+00 1.3468E+00 1.2555E+00 1.1496E+00 1.0926E+00
3.0402E-01 3.2000E-01 3.3639E-01 3.5249E-01 3.6918E-01 3.8693E-01 4.0330E-01 4.1985E-01 4.3623E-01 4.5151E-01 4.6439E-01 4.7359E-01 4.7800E-01 5.4779E-01 6.5500E-01 7.7399E-01 9.0244E-01 1.0332E+00 1.1528E+00 1.2397E+00 1.2732E+00 1.2860E+00 1.1822E+00 1.0102E+00 1.1260E+00 1.2064E+00 1.2134E+00 1.1305E+00 9.5155E-01 8.7596E-01 9.6046E-01 9.8789E-01 9.2112E-01 9.2678E-01 1.1674E+00 1.2196E+00 1.4126E+00 1.5817E+00 1.6269E+00 1.6803E+00 1.5729E+00 1.6437E+00 1.6630E+00 1.4356E+00 2.1915E+00 2.6219E+00 2.5729E+00 2.2657E+00 2.2346E+00 1.9275E+00 1.8761E+00 1.7429E+00 1.4852E+00 1.1979E+00 1.1069E+00 1.0859E+00 1.0456E+00
