inst/extdata/rank(88)_nox_1hr_conc.grd
DSAA
         101         101
     735.634     740.634
    5071.041    5076.041
  0.5616E-01  0.1057E+02
[rows 50 to 74 of 101, columns 0 to 56 of 101]
1.9705E-01 2.0472E-01 2.1128E-01 2.2122E-01 2.3019E-01 2.4018E-01 2.5268E-01 2.6040E-01 2.7237E-01 2.8212E-01 2.9834E-01 3.1315E-01 3.3093E-01 3.4900E-01 3.6491E-01 3.8262E-01 3.9938E-01 4.2555E-01 4.4460E-01 4.6189E-01 4.8452E-01 5.1151E-01 5.5037E-01 5.7965E-01 6.0122E-01 6.3604E-01 6.7345E-01 7.2879E-01 7.8751E-01 8.4982E-01 9.2496E-01 9.9405E-01 1.0587E+00 1.1480E+00 1.2596E+00 1.4165E+00 1.5990E+00 1.7529E+00 1.9303E+00 2.0965E+00 2.3081E+00 2.6127E+00 2.9377E+00 3.2002E+00 3.4884E+00 3.8538E+00 4.2270E+00 4.6405E+00 4.7667E+00 4.7182E+00 4.7801E+00 4.8858E+00 4.5830E+00 4.4776E+00 3.9825E+00 3.7964E+00 3.3625E+00
1.8494E-01 1.9288E-01 2.0251E-01 2.1244E-01 2.2362E-01 2.2936E-01 2.3938E-01 2.4643E-01 2.5791E-01 2.6404E-01 2.7636E-01 2.8410E-01 2.9571E-01 3.0881E-01 3.2349E-01 3.4434E-01 3.6200E-01 3.8562E-01 4.0571E-01 4.3098E-01 4.5240E-01 4.7559E-01 4.9833E-01 5.2625E-01 5.5630E-01 5.8947E-01 6.3836E-01 6.6851E-01 7.2430E-01 7.5995E-01 8.2936E-01 9.1494E-01 9.8228E-01 1.0688E+00 1.1629E+00 1.2973E+00 1.4469E+00 1.5867E+00 1.7566E+00 1.9391E+00 2.1866E+00 2.4695E+00 2.7505E+00 3.0366E+00 3.3581E+00 3.7864E+00 4.2777E+00 4.7568E+00 5.0111E+00 5.1452E+00 5.7527E+00 5.6144E+00 4.1664E+00 3.8748E+00 4.2092E+00 4.0567E+00 3.5700E+00
1.7970E-01 1.8762E-01 1.9686E-01 2.0344E-01 2.1033E-01 2.2213E-01 2.3194E-01 2.4266E-01 2.5222E-01 2.6209E-01 2.7057E-01 2.8315E-01 2.9478E-01 3.0686E-01 3.1974E-01 3.3324E-01 3.4813E-01 3.6259E-01 3.8395E-01 4.0257E-01 4.2745E-01 4.4141E-01 4.6942E-01 4.9424E-01 5.1723E-01 5.3521E-01 5.8560E-01 6.2435E-01 6.7485E-01 7.1740E-01 7.7463E-01 8.4588E-01 9.2993E-01 1.0167E+00 1.0938E+00 1.2061E+00 1.3452E+00 1.4376E+00 1.6026E+00 1.7832E+00 2.0048E+00 2.2877E+00 2.5611E+00 2.8082E+00 3.1246E+00 3.6167E+00 4.1870E+00 4.7306E+00 5.0777E+00 5.6325E+00 6.6495E+00 7.1608E+00 3.2120E+00 3.3251E+00 4.8009E+00 5.0065E+00 4.4174E+00
1.7539E-01 1.8413E-01 1.9293E-01 2.0150E-01 2.0917E-01 2.1769E-01 2.2684E-01 2.3504E-01 2.3955E-01 2.4928E-01 2.5718E-01 2.7098E-01 2.7985E-01 2.9298E-01 3.0686E-01 3.1809E-01 3.3436E-01 3.5070E-01 3.7273E-01 3.8578E-01 4.0391E-01 4.1838E-01 4.4026E-01 4.5098E-01 4.7449E-01 5.0328E-01 5.4203E-01 5.8562E-01 6.2627E-01 6.7400E-01 7.2266E-01 7.7975E-01 8.2437E-01 9.0376E-01 1.0032E+00 1.0960E+00 1.2207E+00 1.3643E+00 1.4850E+00 1.6641E+00 1.8474E+00 2.0976E+00 2.3530E+00 2.6318E+00 2.8964E+00 3.3341E+00 3.8201E+00 4.3295E+00 4.7578E+00 5.5993E+00 7.2014E+00 9.3770E+00 7.5404E+00 5.3709E+00 7.0144E+00 5.9396E+00 4.6937E+00
1.7042E-01 1.7862E-01 1.8581E-01 1.9393E-01 1.9910E-01 2.0523E-01 2.0974E-01 2.1693E-01 2.2689E-01 2.3753E-01 2.4527E-01 2.5636E-01 2.6797E-01 2.7764E-01 2.9177E-01 3.0417E-01 3.2112E-01 3.3675E-01 3.5034E-01 3.6532E-01 3.8192E-01 3.9226E-01 4.0999E-01 4.2855E-01 4.5374E-01 4.7890E-01 5.0992E-01 5.4502E-01 5.8401E-01 6.2604E-01 6.6939E-01 7.2952E-01 7.8125E-01 8.3842E-01 9.1530E-01 1.0074E+00 1.1087E+00 1.2245E+00 1.3349E+00 1.4728E+00 1.6556E+00 1.8611E+00 2.1185E+00 2.3924E+00 2.6625E+00 2.9985E+00 3.4225E+00 3.8841E+00 4.3831E+00 5.1123E+00 6.5401E+00 8.5506E+00 1.0570E+01 9.8730E+00 7.5643E+00 5.8030E+00 4.7402E+00
1.6288E-01 1.6984E-01 1.7761E-01 1.8142E-01 1.8874E-01 1.9650E-01 2.0478E-01 2.1242E-01 2.1849E-01 2.2837E-01 2.3636E-01 2.4350E-01 2.5281E-01 2.6279E-01 2.7293E-01 2.8592E-01 2.9850E-01 3.0992E-01 3.2785E-01 3.4465E-01 3.6026E-01 3.7641E-01 3.9801E-01 4.1616E-01 4.4425E-01 4.6697E-01 4.9207E-01 5.2246E-01 5.5044E-01 6.0317E-01 6.4632E-01 6.9529E-01 7.3470E-01 8.0324E-01 8.7155E-01 9.3665E-01 1.0254E+00 1.1153E+00 1.2372E+00 1.3755E+00 1.5555E+00 1.7448E+00 1.9442E+00 2.1031E+00 2.3724E+00 2.7239E+00 3.1663E+00 3.6377E+00 4.1066E+00 4.6507E+00 5.5132E+00 6.7966E+00 7.5062E+00 7.3306E+00 6.3130E+00 5.2215E+00 4.3689E+00
1.5291E-01 1.5737E-01 1.6359E-01 1.6988E-01 1.7663E-01 1.8413E-01 1.9188E-01 1.9983E-01 2.0775E-01 2.1660E-01 2.2539E-01 2.3173E-01 2.4169E-01 2.5413E-01 2.6819E-01 2.7948E-01 2.9329E-01 3.0493E-01 3.1574E-01 3.3290E-01 3.4840E-01 3.6524E-01 3.8122E-01 4.0210E-01 4.2169E-01 4.4139E-01 4.6378E-01 4.8782E-01 5.1619E-01 5.7033E-01 6.1685E-01 6.6641E-01 7.1413E-01 7.4739E-01 8.0170E-01 8.7342E-01 9.7230E-01 1.0767E+00 1.1743E+00 1.3021E+00 1.4457E+00 1.5904E+00 1.7541E+00 1.9926E+00 2.2920E+00 2.5540E+00 2.9416E+00 3.3411E+00 3.8572E+00 4.3011E+00 4.8236E+00 5.2133E+00 5.5726E+00 5.4937E+00 5.0109E+00 4.5877E+00 4.1355E+00
1.4492E-01 1.5132E-01 1.5711E-01 1.6245E-01 1.6822E-01 1.7836E-01 1.8592E-01 1.9392E-01 2.0171E-01 2.0892E-01 2.1773E-01 2.2459E-01 2.3427E-01 2.4273E-01 2.5741E-01 2.6821E-01 2.7748E-01 2.9297E-01 3.0319E-01 3.1645E-01 3.3565E-01 3.4836E-01 3.6417E-01 3.8144E-01 4.0325E-01 4.2521E-01 4.5781E-01 4.8129E-01 5.0256E-01 5.4474E-01 5.7164E-01 6.2559E-01 6.8049E-01 7.2657E-01 7.7989E-01 8.4813E-01 9.1955E-01 9.9809E-01 1.0937E+00 1.1913E+00 1.3038E+00 1.4939E+00 1.6671E+00 1.8954E+00 2.0689E+00 2.3897E+00 2.6657E+00 3.1015E+00 3.5344E+00 3.9367E+00 4.3408E+00 4.4868E+00 4.5334E+00 4.4129E+00 4.2404E+00 4.0400E+00 3.8606E+00
1.4116E-01 1.4743E-01 1.5391E-01 1.6038E-01 1.6858E-01 1.7628E-01 1.8171E-01 1.9001E-01 1.9862E-01 2.0594E-01 2.1475E-01 2.2185E-01 2.2953E-01 2.3765E-01 2.4877E-01 2.6111E-01 2.7476E-01 2.8613E-01 3.0207E-01 3.1278E-01 3.2718E-01 3.3919E-01 3.5274E-01 3.6820E-01 3.8589E-01 4.0303E-01 4.3413E-01 4.6092E-01 4.9155E-01 5.2726E-01 5.6723E-01 6.0135E-01 6.4739E-01 6.9566E-01 7.4139E-01 8.0148E-01 8.7232E-01 9.4598E-01 1.0383E+00 1.1496E+00 1.2749E+00 1.3935E+00 1.5577E+00 1.7344E+00 1.9575E+00 2.1687E+00 2.4472E+00 2.8039E+00 3.1333E+00 3.4383E+00 3.7189E+00 3.8311E+00 3.9021E+00 3.7911E+00 3.6779E+00 3.5111E+00 3.3962E+00
1.4192E-01 1.4718E-01 1.5311E-01 1.5869E-01 1.6621E-01 1.7172E-01 1.7984E-01 1.8763E-01 1.9600E-01 2.0282E-01 2.1310E-01 2.2116E-01 2.3190E-01 2.4022E-01 2.4871E-01 2.5929E-01 2.7078E-01 2.7984E-01 2.8630E-01 2.9746E-01 3.0376E-01 3.2012E-01 3.4024E-01 3.6280E-01 3.8332E-01 3.9880E-01 4.1638E-01 4.3933E-01 4.7230E-01 5.0773E-01 5.3406E-01 5.7398E-01 6.1671E-01 6.5373E-01 6.9786E-01 7.6009E-01 8.3194E-01 9.0146E-01 9.8228E-01 1.0519E+00 1.1573E+00 1.2976E+00 1.4419E+00 1.5793E+00 1.8045E+00 2.0161E+00 2.2298E+00 2.4480E+00 2.7306E+00 2.9675E+00 3.2219E+00 3.2810E+00 3.3000E+00 3.1855E+00 3.0985E+00 2.9722E+00 2.9555E+00
1.4157E-01 1.4458E-01 1.4972E-01 1.5480E-01 1.6201E-01 1.6947E-01 1.7570E-01 1.8400E-01 1.9011E-01 1.9914E-01 2.0529E-01 2.1364E-01 2.2078E-01 2.2794E-01 2.3907E-01 2.5115E-01 2.5569E-01 2.6666E-01 2.7741E-01 2.8732E-01 3.0328E-01 3.1511E-01 3.3000E-01 3.4544E-01 3.6478E-01 3.8369E-01 4.0383E-01 4.2698E-01 4.5174E-01 4.8556E-01 5.1557E-01 5.4524E-01 5.8696E-01 6.3530E-01 6.8328E-01 7.3948E-01 7.8415E-01 8.4206E-01 9.0696E-01 9.8484E-01 1.1013E+00 1.2084E+00 1.3352E+00 1.5042E+00 1.6622E+00 1.8476E+00 1.9942E+00 2.1726E+00 2.3763E+00 2.5579E+00 2.7109E+00 2.7677E+00 2.7690E+00 2.6615E+00 2.6099E+00 2.5042E+00 2.5112E+00
1.3647E-01 1.4373E-01 1.5129E-01 1.5422E-01 1.6067E-01 1.6743E-01 1.7400E-01 1.8115E-01 1.8671E-01 1.9298E-01 2.0101E-01 2.0741E-01 2.1401E-01 2.2126E-01 2.2946E-01 2.3471E-01 2.4482E-01 2.5622E-01 2.6566E-01 2.7695E-01 2.9032E-01 3.0549E-01 3.2309E-01 3.4003E-01 3.5753E-01 3.7615E-01 3.9692E-01 4.1670E-01 4.3597E-01 4.5909E-01 4.9885E-01 5.2869E-01 5.6832E-01 6.0444E-01 6.3266E-01 6.7880E-01 7.3151E-01 7.8094E-01 8.5520E-01 9.4833E-01 1.0024E+00 1.1031E+00 1.2253E+00 1.3670E+00 1.5146E+00 1.6287E+00 1.7719E+00 1.9691E+00 2.1310E+00 2.2250E+00 2.2795E+00 2.3407E+00 2.3244E+00 2.2405E+00 2.1971E+00 2.1389E+00 2.1635E+00
1.3671E-01 1.4262E-01 1.4792E-01 1.5311E-01 1.6004E-01 1.6732E-01 1.7309E-01 1.7942E-01 1.8643E-01 1.9214E-01 1.9225E-01 1.9929E-01 2.0468E-01 2.0960E-01 2.2056E-01 2.2933E-01 2.3566E-01 2.4662E-01 2.6054E-01 2.7348E-01 2.8567E-01 3.0243E-01 3.1755E-01 3.3280E-01 3.4965E-01 3.6623E-01 3.8330E-01 4.0409E-01 4.3117E-01 4.5284E-01 4.7332E-01 4.9481E-01 5.2109E-01 5.5270E-01 5.9338E-01 6.3218E-01 6.8508E-01 7.6900E-01 8.1480E-01 8.5844E-01 9.5046E-01 1.0293E+00 1.1253E+00 1.2479E+00 1.3641E+00 1.4581E+00 1.6201E+00 1.7391E+00 1.8362E+00 1.8906E+00 1.9242E+00 1.9819E+00 1.9503E+00 1.8751E+00 1.8717E+00 1.8390E+00 1.8279E+00
1.3578E-01 1.3975E-01 1.4730E-01 1.5492E-01 1.5901E-01 1.6727E-01 1.7182E-01 1.7619E-01 1.8051E-01 1.8502E-01 1.9205E-01 1.9829E-01 2.0539E-01 2.1138E-01 2.1963E-01 2.2707E-01 2.3862E-01 2.5213E-01 2.6799E-01 2.7766E-01 2.8750E-01 2.9845E-01 3.0599E-01 3.2333E-01 3.3917E-01 3.4782E-01 3.6866E-01 3.8656E-01 4.0880E-01 4.1803E-01 4.4058E-01 4.6259E-01 4.9831E-01 5.2119E-01 5.6289E-01 6.2039E-01 6.7116E-01 7.0789E-01 7.6538E-01 8.2211E-01 8.9391E-01 9.4492E-01 1.0458E+00 1.1409E+00 1.2139E+00 1.3289E+00 1.4648E+00 1.5608E+00 1.5989E+00 1.6274E+00 1.6509E+00 1.6744E+00 1.6577E+00 1.6130E+00 1.5994E+00 1.5792E+00 1.5786E+00
1.3655E-01 1.4007E-01 1.4550E-01 1.5457E-01 1.5970E-01 1.6573E-01 1.7047E-01 1.7479E-01 1.7843E-01 1.8510E-01 1.9083E-01 1.9828E-01 2.0909E-01 2.1555E-01 2.2214E-01 2.2875E-01 2.3718E-01 2.5325E-01 2.6416E-01 2.7168E-01 2.7409E-01 2.8555E-01 2.9522E-01 3.0792E-01 3.2156E-01 3.3057E-01 3.4788E-01 3.6487E-01 3.7783E-01 3.9536E-01 4.1793E-01 4.3700E-01 4.7413E-01 5.1906E-01 5.5279E-01 5.8767E-01 6.1928E-01 6.7215E-01 7.2872E-01 7.9048E-01 8.3162E-01 8.9075E-01 9.7672E-01 1.0364E+00 1.1149E+00 1.2215E+00 1.3186E+00 1.3831E+00 1.4106E+00 1.4097E+00 1.4387E+00 1.4243E+00 1.4111E+00 1.3987E+00 1.3850E+00 1.3989E+00 1.3670E+00
1.3318E-01 1.4066E-01 1.4594E-01 1.5151E-01 1.5613E-01 1.5886E-01 1.6597E-01 1.7218E-01 1.7679E-01 1.8382E-01 1.9111E-01 1.9865E-01 2.0609E-01 2.1231E-01 2.1973E-01 2.3088E-01 2.3632E-01 2.4622E-01 2.4988E-01 2.5588E-01 2.6562E-01 2.7672E-01 2.8839E-01 2.9687E-01 3.0502E-01 3.2343E-01 3.3208E-01 3.4603E-01 3.6254E-01 3.7798E-01 4.0652E-01 4.4271E-01 4.6967E-01 4.9561E-01 5.2357E-01 5.5169E-01 5.9328E-01 6.3825E-01 7.0768E-01 7.3238E-01 7.7512E-01 8.3006E-01 8.9595E-01 9.6724E-01 1.0510E+00 1.1346E+00 1.1816E+00 1.2036E+00 1.2097E+00 1.2272E+00 1.2756E+00 1.2484E+00 1.2428E+00 1.2090E+00 1.2147E+00 1.2233E+00 1.1917E+00
1.2945E-01 1.3530E-01 1.3613E-01 1.4507E-01 1.5232E-01 1.5606E-01 1.6269E-01 1.6879E-01 1.7213E-01 1.8024E-01 1.8589E-01 1.9474E-01 2.0559E-01 2.1415E-01 2.1697E-01 2.2407E-01 2.2976E-01 2.3314E-01 2.3602E-01 2.5068E-01 2.5927E-01 2.6856E-01 2.7750E-01 2.8432E-01 2.9217E-01 3.1100E-01 3.2787E-01 3.4876E-01 3.6226E-01 3.8008E-01 4.0521E-01 4.2113E-01 4.3982E-01 4.7088E-01 4.9628E-01 5.3086E-01 5.7534E-01 6.3466E-01 6.6067E-01 6.9532E-01 7.2281E-01 7.7234E-01 8.5073E-01 9.0494E-01 9.7384E-01 1.0241E+00 1.0521E+00 1.0790E+00 1.0778E+00 1.0972E+00 1.1315E+00 1.1125E+00 1.0987E+00 1.0796E+00 1.0816E+00 1.0841E+00 1.0584E+00
1.2662E-01 1.3144E-01 1.3749E-01 1.4019E-01 1.4805E-01 1.5001E-01 1.5651E-01 1.6179E-01 1.6679E-01 1.7384E-01 1.8367E-01 1.9217E-01 2.0290E-01 2.0734E-01 2.1237E-01 2.1859E-01 2.2040E-01 2.3045E-01 2.3271E-01 2.4390E-01 2.5014E-01 2.6051E-01 2.6943E-01 2.8250E-01 2.9586E-01 3.1287E-01 3.2765E-01 3.3780E-01 3.5568E-01 3.6823E-01 3.7965E-01 4.0780E-01 4.3168E-01 4.4993E-01 4.7879E-01 5.1772E-01 5.5979E-01 5.8294E-01 6.1206E-01 6.3434E-01 6.6705E-01 7.3361E-01 7.8444E-01 8.3319E-01 9.0045E-01 9.2917E-01 9.5776E-01 9.6621E-01 9.7893E-01 9.9648E-01 1.0142E+00 9.9760E-01 9.9450E-01 9.7167E-01 9.7093E-01 9.5927E-01 9.5488E-01
1.2418E-01 1.2883E-01 1.3507E-01 1.4068E-01 1.4507E-01 1.5212E-01 1.5473E-01 1.6309E-01 1.6966E-01 1.7801E-01 1.8594E-01 1.8948E-01 1.9483E-01 2.0061E-01 2.0391E-01 2.1145E-01 2.1511E-01 2.2153E-01 2.2939E-01 2.4139E-01 2.5196E-01 2.6132E-01 2.7176E-01 2.8304E-01 2.9581E-01 3.1157E-01 3.2320E-01 3.3252E-01 3.4479E-01 3.5731E-01 3.8153E-01 3.9441E-01 4.1281E-01 4.4254E-01 4.7062E-01 5.0163E-01 5.2411E-01 5.4476E-01 5.7222E-01 5.9442E-01 6.3999E-01 6.8133E-01 7.2460E-01 7.8921E-01 8.1537E-01 8.3529E-01 8.6058E-01 8.6635E-01 8.9781E-01 9.1111E-01 9.1679E-01 9.0800E-01 9.1198E-01 8.9395E-01 8.8414E-01 8.7573E-01 8.6733E-01
1.2379E-01 1.2929E-01 1.3576E-01 1.4168E-01 1.4815E-01 1.5425E-01 1.5873E-01 1.6343E-01 1.6922E-01 1.7337E-01 1.7656E-01 1.8327E-01 1.8927E-01 1.9309E-01 1.9629E-01 2.0432E-01 2.1297E-01 2.2166E-01 2.3141E-01 2.3873E-01 2.4990E-01 2.6464E-01 2.7146E-01 2.8548E-01 2.9523E-01 3.0721E-01 3.1197E-01 3.1724E-01 3.3277E-01 3.5096E-01 3.6833E-01 3.8709E-01 4.0650E-01 4.3048E-01 4.5712E-01 4.7452E-01 4.9053E-01 5.1672E-01 5.2808E-01 5.6695E-01 6.0888E-01 6.5018E-01 6.8133E-01 7.1755E-01 7.4820E-01 7.7880E-01 7.9192E-01 8.0249E-01 8.2497E-01 8.4263E-01 8.2975E-01 8.2188E-01 8.3262E-01 8.1973E-01 8.0430E-01 7.8728E-01 7.8131E-01
1.2454E-01 1.3016E-01 1.3609E-01 1.4272E-01 1.4737E-01 1.5352E-01 1.5773E-01 1.6100E-01 1.6606E-01 1.7131E-01 1.8017E-01 1.8179E-01 1.8437E-01 1.9047E-01 1.9649E-01 2.0577E-01 2.1437E-01 2.2684E-01 2.3276E-01 2.4474E-01 2.5747E-01 2.6156E-01 2.6847E-01 2.7818E-01 2.8478E-01 2.9668E-01 3.0672E-01 3.1353E-01 3.2543E-01 3.4338E-01 3.5716E-01 3.7308E-01 3.9682E-01 4.1364E-01 4.2889E-01 4.3876E-01 4.6436E-01 4.7282E-01 5.0725E-01 5.4046E-01 5.8272E-01 6.1217E-01 6.3729E-01 6.6476E-01 6.8186E-01 6.9766E-01 7.1487E-01 7.2983E-01 7.5575E-01 7.6292E-01 7.5823E-01 7.4985E-01 7.5410E-01 7.4204E-01 7.2452E-01 7.1457E-01 7.0278E-01
1.2639E-01 1.3105E-01 1.3463E-01 1.3964E-01 1.4502E-01 1.5188E-01 1.5494E-01 1.5890E-01 1.6540E-01 1.7034E-01 1.7435E-01 1.7972E-01 1.8443E-01 1.9126E-01 1.9849E-01 2.0492E-01 2.1178E-01 2.2292E-01 2.3521E-01 2.3763E-01 2.4429E-01 2.5413E-01 2.6247E-01 2.7051E-01 2.8038E-01 2.8667E-01 3.0156E-01 3.1144E-01 3.1947E-01 3.3359E-01 3.4809E-01 3.6958E-01 3.8420E-01 3.9247E-01 3.9938E-01 4.1920E-01 4.2702E-01 4.4775E-01 4.8338E-01 5.1600E-01 5.4801E-01 5.7418E-01 5.8211E-01 6.1916E-01 6.3404E-01 6.4211E-01 6.5191E-01 6.8156E-01 6.9692E-01 6.9260E-01 6.8879E-01 6.9368E-01 6.8571E-01 6.7979E-01 6.6333E-01 6.5870E-01 6.4183E-01
1.2119E-01 1.2753E-01 1.3188E-01 1.3617E-01 1.4414E-01 1.4846E-01 1.5519E-01 1.6222E-01 1.6584E-01 1.7062E-01 1.7572E-01 1.8140E-01 1.8673E-01 1.9272E-01 2.0068E-01 2.0703E-01 2.1272E-01 2.1935E-01 2.2604E-01 2.3662E-01 2.3883E-01 2.4534E-01 2.5538E-01 2.6305E-01 2.7656E-01 2.7863E-01 2.9427E-01 3.0466E-01 3.1296E-01 3.2854E-01 3.4091E-01 3.5817E-01 3.6452E-01 3.7199E-01 3.8298E-01 3.8975E-01 4.0835E-01 4.3252E-01 4.6322E-01 4.8536E-01 5.1413E-01 5.2971E-01 5.5436E-01 5.6336E-01 5.7671E-01 5.9545E-01 6.1199E-01 6.3196E-01 6.4961E-01 6.3748E-01 6.3338E-01 6.4190E-01 6.3220E-01 6.1970E-01 6.0945E-01 6.0000E-01 5.8754E-01
1.2111E-01 1.2626E-01 1.3249E-01 1.3818E-01 1.4779E-01 1.5344E-01 1.5931E-01 1.6358E-01 1.6587E-01 1.6956E-01 1.7432E-01 1.8068E-01 1.8755E-01 1.9458E-01 2.0164E-01 2.0743E-01 2.0808E-01 2.1345E-01 2.1897E-01 2.2452E-01 2.3175E-01 2.4272E-01 2.4768E-01 2.5594E-01 2.6353E-01 2.7271E-01 2.8378E-01 2.9979E-01 3.0545E-01 3.1719E-01 3.3108E-01 3.3700E-01 3.4029E-01 3.4868E-01 3.5716E-01 3.7241E-01 3.9220E-01 4.1559E-01 4.4148E-01 4.6713E-01 4.7872E-01 5.0464E-01 5.1917E-01 5.2898E-01 5.3357E-01 5.4725E-01 5.5439E-01 5.7942E-01 5.9210E-01 5.9420E-01 5.8431E-01 5.9375E-01 5.8544E-01 5.7864E-01 5.5395E-01 5.5008E-01 5.3694E-01
1.2403E-01 1.3040E-01 1.3592E-01 1.4094E-01 1.4706E-01 1.5288E-01 1.5679E-01 1.5888E-01 1.6397E-01 1.6633E-01 1.7577E-01 1.8076E-01 1.8753E-01 1.9203E-01 1.9927E-01 2.0849E-01 2.0588E-01 2.0730E-01 2.1137E-01 2.2260E-01 2.3030E-01 2.3785E-01 2.4172E-01 2.4693E-01 2.5876E-01 2.6475E-01 2.7327E-01 2.8946E-01 2.9313E-01 3.0915E-01 3.0753E-01 3.1202E-01 3.2033E-01 3.3337E-01 3.4650E-01 3.5647E-01 3.7170E-01 3.9810E-01 4.1688E-01 4.3474E-01 4.4502E-01 4.6731E-01 4.7757E-01 4.8071E-01 4.9301E-01 5.0944E-01 5.1835E-01 5.3898E-01 5.4383E-01 5.4376E-01 5.4620E-01 5.4527E-01 5.4191E-01 5.2957E-01 5.0912E-01 5.0286E-01 4.9276E-01
