inst/extdata/rank(0)_odor_8760hr_conc.grd
DSAA
         101         101
     737.625     742.625
    5081.125    5086.125
  0.1659E-02  0.2660E+02
[rows 0 to 24 of 101, columns 0 to 56 of 101]
1.9529E-02 2.0473E-02 2.1408E-02 2.2323E-02 2.3223E-02 2.4097E-02 2.4967E-02 2.5811E-02 2.6631E-02 2.7408E-02 2.8160E-02 2.8878E-02 2.9523E-02 3.0118E-02 3.0670E-02 3.1172E-02 3.1715E-02 3.2231E-02 3.2722E-02 3.3183E-02 3.3617E-02 3.4171E-02 3.4715E-02 3.5234E-02 3.5726E-02 3.6183E-02 3.6418E-02 3.6612E-02 3.6747E-02 3.6847E-02 3.6899E-02 3.7208E-02 3.7503E-02 3.7775E-02 3.8021E-02 3.8243E-02 3.8373E-02 3.8473E-02 3.8547E-02 3.8590E-02 3.8609E-02 3.8527E-02 3.8393E-02 3.8257E-02 3.8118E-02 3.7955E-02 3.7987E-02 3.8023E-02 3.8064E-02 3.8118E-02 3.8185E-02 3.8048E-02 3.7922E-02 3.7804E-02 3.7686E-02 3.7562E-02 3.7285E-02
2.0302E-02 2.1302E-02 2.2301E-02 2.3283E-02 2.4244E-02 2.5176E-02 2.6098E-02 2.7000E-02 2.7869E-02 2.8710E-02 2.9520E-02 3.0269E-02 3.0958E-02 3.1608E-02 3.2216E-02 3.2784E-02 3.3378E-02 3.3950E-02 3.4493E-02 3.5010E-02 3.5500E-02 3.6119E-02 3.6710E-02 3.7283E-02 3.7816E-02 3.8332E-02 3.8649E-02 3.8920E-02 3.9154E-02 3.9330E-02 3.9471E-02 3.9834E-02 4.0153E-02 4.0456E-02 4.0727E-02 4.0977E-02 4.1126E-02 4.1244E-02 4.1330E-02 4.1384E-02 4.1440E-02 4.1327E-02 4.1205E-02 4.1064E-02 4.0901E-02 4.0725E-02 4.0731E-02 4.0736E-02 4.0739E-02 4.0756E-02 4.0783E-02 4.0679E-02 4.0584E-02 4.0491E-02 4.0403E-02 4.0317E-02 4.0038E-02
2.1029E-02 2.2087E-02 2.3149E-02 2.4192E-02 2.5214E-02 2.6215E-02 2.7200E-02 2.8153E-02 2.9075E-02 2.9963E-02 3.0828E-02 3.1615E-02 3.2358E-02 3.3067E-02 3.3742E-02 3.4373E-02 3.5019E-02 3.5650E-02 3.6253E-02 3.6830E-02 3.7383E-02 3.8056E-02 3.8711E-02 3.9321E-02 3.9919E-02 4.0490E-02 4.0899E-02 4.1260E-02 4.1583E-02 4.1865E-02 4.2115E-02 4.2504E-02 4.2879E-02 4.3208E-02 4.3513E-02 4.3783E-02 4.3961E-02 4.4099E-02 4.4209E-02 4.4301E-02 4.4325E-02 4.4243E-02 4.4116E-02 4.3957E-02 4.3791E-02 4.3594E-02 4.3556E-02 4.3512E-02 4.3481E-02 4.3449E-02 4.3444E-02 4.3370E-02 4.3307E-02 4.3252E-02 4.3199E-02 4.3154E-02 4.2878E-02
2.1717E-02 2.2836E-02 2.3953E-02 2.5056E-02 2.6137E-02 2.7199E-02 2.8241E-02 2.9257E-02 3.0235E-02 3.1167E-02 3.2073E-02 3.2914E-02 3.3720E-02 3.4497E-02 3.5236E-02 3.5925E-02 3.6640E-02 3.7328E-02 3.7997E-02 3.8638E-02 3.9256E-02 3.9984E-02 4.0680E-02 4.1361E-02 4.2010E-02 4.2635E-02 4.3146E-02 4.3619E-02 4.4047E-02 4.4439E-02 4.4793E-02 4.5227E-02 4.5635E-02 4.6020E-02 4.6352E-02 4.6647E-02 4.6853E-02 4.7028E-02 4.7178E-02 4.7257E-02 4.7310E-02 4.7220E-02 4.7089E-02 4.6934E-02 4.6761E-02 4.6535E-02 4.6455E-02 4.6365E-02 4.6270E-02 4.6195E-02 4.6142E-02 4.6107E-02 4.6096E-02 4.6078E-02 4.6071E-02 4.6065E-02 4.5810E-02
2.2368E-02 2.3538E-02 2.4710E-02 2.5871E-02 2.7011E-02 2.8136E-02 2.9239E-02 3.0315E-02 3.1334E-02 3.2318E-02 3.3257E-02 3.4165E-02 3.5037E-02 3.5876E-02 3.6677E-02 3.7444E-02 3.8227E-02 3.8984E-02 3.9721E-02 4.0433E-02 4.1126E-02 4.1889E-02 4.2647E-02 4.3379E-02 4.4093E-02 4.4784E-02 4.5391E-02 4.5976E-02 4.6528E-02 4.7044E-02 4.7535E-02 4.8015E-02 4.8468E-02 4.8888E-02 4.9267E-02 4.9594E-02 4.9850E-02 5.0061E-02 5.0200E-02 5.0308E-02 5.0383E-02 5.0294E-02 5.0166E-02 4.9997E-02 4.9812E-02 4.9571E-02 4.9443E-02 4.9268E-02 4.9122E-02 4.8988E-02 4.8870E-02 4.8889E-02 4.8912E-02 4.8964E-02 4.9018E-02 4.9067E-02 4.8831E-02
2.2972E-02 2.4193E-02 2.5422E-02 2.6638E-02 2.7840E-02 2.9020E-02 3.0182E-02 3.1314E-02 3.2385E-02 3.3406E-02 3.4386E-02 3.5355E-02 3.6300E-02 3.7213E-02 3.8085E-02 3.8926E-02 3.9771E-02 4.0598E-02 4.1395E-02 4.2171E-02 4.2924E-02 4.3757E-02 4.4571E-02 4.5366E-02 4.6154E-02 4.6920E-02 4.7655E-02 4.8357E-02 4.9029E-02 4.9680E-02 5.0293E-02 5.0847E-02 5.1372E-02 5.1828E-02 5.2253E-02 5.2634E-02 5.2917E-02 5.3140E-02 5.3313E-02 5.3454E-02 5.3530E-02 5.3460E-02 5.3319E-02 5.3140E-02 5.2924E-02 5.2675E-02 5.2474E-02 5.2243E-02 5.2031E-02 5.1830E-02 5.1637E-02 5.1703E-02 5.1800E-02 5.1911E-02 5.2036E-02 5.2131E-02 5.1898E-02
2.3529E-02 2.4807E-02 2.6084E-02 2.7361E-02 2.8611E-02 2.9853E-02 3.1071E-02 3.2239E-02 3.3349E-02 3.4417E-02 3.5442E-02 3.6483E-02 3.7490E-02 3.8482E-02 3.9433E-02 4.0363E-02 4.1304E-02 4.2216E-02 4.3110E-02 4.3971E-02 4.4817E-02 4.5730E-02 4.6626E-02 4.7514E-02 4.8386E-02 4.9220E-02 5.0012E-02 5.0774E-02 5.1508E-02 5.2202E-02 5.2864E-02 5.3481E-02 5.4051E-02 5.4578E-02 5.5044E-02 5.5486E-02 5.5782E-02 5.6023E-02 5.6205E-02 5.6328E-02 5.6389E-02 5.6316E-02 5.6198E-02 5.6020E-02 5.5808E-02 5.5559E-02 5.5322E-02 5.5076E-02 5.4827E-02 5.4587E-02 5.4366E-02 5.4468E-02 5.4595E-02 5.4727E-02 5.4883E-02 5.5034E-02 5.4721E-02
2.4042E-02 2.5365E-02 2.6701E-02 2.8023E-02 2.9324E-02 3.0618E-02 3.1856E-02 3.3054E-02 3.4213E-02 3.5335E-02 3.6434E-02 3.7542E-02 3.8634E-02 3.9703E-02 4.0747E-02 4.1767E-02 4.2790E-02 4.3800E-02 4.4782E-02 4.5741E-02 4.6693E-02 4.7687E-02 4.8673E-02 4.9644E-02 5.0596E-02 5.1529E-02 5.2374E-02 5.3203E-02 5.4000E-02 5.4741E-02 5.5451E-02 5.6144E-02 5.6773E-02 5.7342E-02 5.7878E-02 5.8352E-02 5.8675E-02 5.8966E-02 5.9140E-02 5.9214E-02 5.9245E-02 5.9203E-02 5.9102E-02 5.8942E-02 5.8734E-02 5.8491E-02 5.8216E-02 5.7922E-02 5.7634E-02 5.7358E-02 5.7098E-02 5.7240E-02 5.7391E-02 5.7570E-02 5.7768E-02 5.7965E-02 5.7573E-02
2.4501E-02 2.5877E-02 2.7253E-02 2.8618E-02 2.9958E-02 3.1277E-02 3.2558E-02 3.3790E-02 3.5006E-02 3.6198E-02 3.7354E-02 3.8547E-02 3.9722E-02 4.0872E-02 4.2007E-02 4.3113E-02 4.4235E-02 4.5328E-02 4.6407E-02 4.7479E-02 4.8545E-02 4.9628E-02 5.0701E-02 5.1765E-02 5.2811E-02 5.3831E-02 5.4753E-02 5.5649E-02 5.6506E-02 5.7305E-02 5.8076E-02 5.8837E-02 5.9531E-02 6.0180E-02 6.0761E-02 6.1269E-02 6.1602E-02 6.1849E-02 6.2048E-02 6.2124E-02 6.2116E-02 6.2104E-02 6.2004E-02 6.1864E-02 6.1667E-02 6.1439E-02 6.1122E-02 6.0775E-02 6.0442E-02 6.0129E-02 5.9832E-02 5.9995E-02 6.0203E-02 6.0442E-02 6.0681E-02 6.0907E-02 6.0418E-02
2.4917E-02 2.6322E-02 2.7722E-02 2.9116E-02 3.0499E-02 3.1854E-02 3.3165E-02 3.4471E-02 3.5748E-02 3.6991E-02 3.8214E-02 3.9485E-02 4.0748E-02 4.1982E-02 4.3199E-02 4.4410E-02 4.5613E-02 4.6809E-02 4.8006E-02 4.9193E-02 5.0381E-02 5.1554E-02 5.2718E-02 5.3875E-02 5.5016E-02 5.6147E-02 5.7163E-02 5.8133E-02 5.9046E-02 5.9923E-02 6.0738E-02 6.1559E-02 6.2342E-02 6.3056E-02 6.3682E-02 6.4254E-02 6.4583E-02 6.4813E-02 6.4943E-02 6.4997E-02 6.4934E-02 6.4948E-02 6.4919E-02 6.4818E-02 6.4617E-02 6.4412E-02 6.4026E-02 6.3646E-02 6.3269E-02 6.2887E-02 6.2550E-02 6.2775E-02 6.3023E-02 6.3327E-02 6.3614E-02 6.3901E-02 6.3296E-02
2.5254E-02 2.6684E-02 2.8122E-02 2.9557E-02 3.0963E-02 3.2351E-02 3.3728E-02 3.5080E-02 3.6417E-02 3.7723E-02 3.9001E-02 4.0359E-02 4.1701E-02 4.3024E-02 4.4341E-02 4.5643E-02 4.6956E-02 4.8266E-02 4.9581E-02 5.0893E-02 5.2201E-02 5.3475E-02 5.4741E-02 5.6020E-02 5.7255E-02 5.8484E-02 5.9576E-02 6.0637E-02 6.1616E-02 6.2558E-02 6.3427E-02 6.4343E-02 6.5193E-02 6.5966E-02 6.6675E-02 6.7283E-02 6.7600E-02 6.7802E-02 6.7899E-02 6.7871E-02 6.7759E-02 6.7816E-02 6.7789E-02 6.7708E-02 6.7577E-02 6.7403E-02 6.6999E-02 6.6550E-02 6.6079E-02 6.5659E-02 6.5274E-02 6.5545E-02 6.5871E-02 6.6238E-02 6.6583E-02 6.6930E-02 6.6181E-02
2.5575E-02 2.7054E-02 2.8525E-02 2.9982E-02 3.1451E-02 3.2890E-02 3.4339E-02 3.5778E-02 3.7209E-02 3.8612E-02 3.9997E-02 4.1414E-02 4.2810E-02 4.4198E-02 4.5568E-02 4.6954E-02 4.8361E-02 4.9769E-02 5.1184E-02 5.2609E-02 5.3994E-02 5.5350E-02 5.6705E-02 5.8035E-02 5.9370E-02 6.0696E-02 6.1898E-02 6.3037E-02 6.4135E-02 6.5197E-02 6.6158E-02 6.7143E-02 6.8057E-02 6.8881E-02 6.9595E-02 7.0225E-02 7.0574E-02 7.0838E-02 7.0955E-02 7.0983E-02 7.0856E-02 7.0912E-02 7.0888E-02 7.0780E-02 7.0618E-02 7.0419E-02 7.0026E-02 6.9610E-02 6.9235E-02 6.8876E-02 6.8544E-02 6.8731E-02 6.9003E-02 6.9284E-02 6.9559E-02 6.9846E-02 6.9136E-02
2.5857E-02 2.7354E-02 2.8856E-02 3.0366E-02 3.1877E-02 3.3375E-02 3.4904E-02 3.6422E-02 3.7931E-02 3.9425E-02 4.0914E-02 4.2382E-02 4.3855E-02 4.5299E-02 4.6771E-02 4.8246E-02 4.9729E-02 5.1237E-02 5.2749E-02 5.4256E-02 5.5771E-02 5.7219E-02 5.8668E-02 6.0106E-02 6.1537E-02 6.2933E-02 6.4229E-02 6.5497E-02 6.6714E-02 6.7868E-02 6.8951E-02 6.9997E-02 7.0970E-02 7.1808E-02 7.2554E-02 7.3159E-02 7.3603E-02 7.3890E-02 7.4054E-02 7.4094E-02 7.3995E-02 7.4045E-02 7.4022E-02 7.3901E-02 7.3707E-02 7.3474E-02 7.3121E-02 7.2790E-02 7.2428E-02 7.2129E-02 7.1876E-02 7.2009E-02 7.2205E-02 7.2385E-02 7.2613E-02 7.2814E-02 7.2146E-02
2.6076E-02 2.7621E-02 2.9161E-02 3.0712E-02 3.2259E-02 3.3801E-02 3.5408E-02 3.7003E-02 3.8591E-02 4.0167E-02 4.1758E-02 4.3302E-02 4.4811E-02 4.6341E-02 4.7895E-02 4.9459E-02 5.1065E-02 5.2673E-02 5.4301E-02 5.5927E-02 5.7556E-02 5.9119E-02 6.0672E-02 6.2213E-02 6.3716E-02 6.5211E-02 6.6620E-02 6.8007E-02 6.9358E-02 7.0599E-02 7.1795E-02 7.2900E-02 7.3892E-02 7.4769E-02 7.5518E-02 7.6128E-02 7.6649E-02 7.7007E-02 7.7196E-02 7.7249E-02 7.7195E-02 7.7250E-02 7.7206E-02 7.7070E-02 7.6860E-02 7.6565E-02 7.6268E-02 7.5942E-02 7.5689E-02 7.5480E-02 7.5317E-02 7.5356E-02 7.5468E-02 7.5581E-02 7.5722E-02 7.5826E-02 7.5209E-02
2.6241E-02 2.7813E-02 2.9412E-02 3.1007E-02 3.2602E-02 3.4192E-02 3.5892E-02 3.7551E-02 3.9202E-02 4.0844E-02 4.2508E-02 4.4094E-02 4.5710E-02 4.7337E-02 4.8998E-02 5.0664E-02 5.2386E-02 5.4123E-02 5.5866E-02 5.7624E-02 5.9376E-02 6.1050E-02 6.2698E-02 6.4338E-02 6.5953E-02 6.7535E-02 6.9062E-02 7.0562E-02 7.1995E-02 7.3389E-02 7.4680E-02 7.5845E-02 7.6889E-02 7.7791E-02 7.8544E-02 7.9184E-02 7.9717E-02 8.0132E-02 8.0408E-02 8.0525E-02 8.0487E-02 8.0515E-02 8.0417E-02 8.0234E-02 7.9980E-02 7.9699E-02 7.9453E-02 7.9250E-02 7.9091E-02 7.8942E-02 7.8876E-02 7.8828E-02 7.8834E-02 7.8869E-02 7.8899E-02 7.8895E-02 7.8350E-02
2.6367E-02 2.7984E-02 2.9624E-02 3.1258E-02 3.2886E-02 3.4535E-02 3.6267E-02 3.7996E-02 3.9720E-02 4.1405E-02 4.3090E-02 4.4786E-02 4.6512E-02 4.8273E-02 5.0040E-02 5.1815E-02 5.3651E-02 5.5512E-02 5.7387E-02 5.9272E-02 6.1161E-02 6.2948E-02 6.4720E-02 6.6476E-02 6.8200E-02 6.9884E-02 7.1533E-02 7.3173E-02 7.4716E-02 7.6226E-02 7.7645E-02 7.8872E-02 7.9956E-02 8.0887E-02 8.1643E-02 8.2229E-02 8.2834E-02 8.3278E-02 8.3601E-02 8.3736E-02 8.3705E-02 8.3714E-02 8.3668E-02 8.3487E-02 8.3252E-02 8.2934E-02 8.2801E-02 8.2664E-02 8.2598E-02 8.2550E-02 8.2581E-02 8.2482E-02 8.2334E-02 8.2272E-02 8.2177E-02 8.2017E-02 8.1567E-02
2.6467E-02 2.8122E-02 2.9802E-02 3.1513E-02 3.3206E-02 3.4917E-02 3.6687E-02 3.8424E-02 4.0151E-02 4.1879E-02 4.3632E-02 4.5416E-02 4.7238E-02 4.9084E-02 5.0978E-02 5.2865E-02 5.4827E-02 5.6818E-02 5.8828E-02 6.0842E-02 6.2873E-02 6.4812E-02 6.6734E-02 6.8617E-02 7.0460E-02 7.2277E-02 7.4072E-02 7.5783E-02 7.7474E-02 7.9088E-02 8.0616E-02 8.2002E-02 8.3292E-02 8.4359E-02 8.5300E-02 8.6047E-02 8.6766E-02 8.7301E-02 8.7675E-02 8.7891E-02 8.7969E-02 8.7966E-02 8.7842E-02 8.7602E-02 8.7266E-02 8.6898E-02 8.6709E-02 8.6558E-02 8.6427E-02 8.6358E-02 8.6346E-02 8.6256E-02 8.6200E-02 8.6170E-02 8.6145E-02 8.6045E-02 8.5664E-02
2.6511E-02 2.8205E-02 2.9937E-02 3.1678E-02 3.3449E-02 3.5205E-02 3.6974E-02 3.8745E-02 4.0514E-02 4.2318E-02 4.4146E-02 4.6013E-02 4.7917E-02 4.9859E-02 5.1856E-02 5.3887E-02 5.5978E-02 5.8095E-02 6.0243E-02 6.2404E-02 6.4577E-02 6.6666E-02 6.8730E-02 7.0760E-02 7.2751E-02 7.4716E-02 7.6652E-02 7.8489E-02 8.0292E-02 8.2024E-02 8.3661E-02 8.5215E-02 8.6643E-02 8.7934E-02 8.9042E-02 8.9976E-02 9.0826E-02 9.1483E-02 9.1976E-02 9.2316E-02 9.2506E-02 9.2471E-02 9.2275E-02 9.1943E-02 9.1526E-02 9.1052E-02 9.0857E-02 9.0685E-02 9.0496E-02 9.0376E-02 9.0355E-02 9.0270E-02 9.0273E-02 9.0309E-02 9.0340E-02 9.0271E-02 8.9978E-02
2.6512E-02 2.8234E-02 3.0004E-02 3.1764E-02 3.3560E-02 3.5363E-02 3.7183E-02 3.9004E-02 4.0846E-02 4.2709E-02 4.4622E-02 4.6572E-02 4.8549E-02 5.0599E-02 5.2688E-02 5.4867E-02 5.7081E-02 5.9329E-02 6.1629E-02 6.3950E-02 6.6261E-02 6.8504E-02 7.0730E-02 7.2917E-02 7.5075E-02 7.7181E-02 7.9236E-02 8.1232E-02 8.3155E-02 8.5014E-02 8.6734E-02 8.8465E-02 9.0092E-02 9.1586E-02 9.2917E-02 9.4099E-02 9.5097E-02 9.5910E-02 9.6533E-02 9.6997E-02 9.7302E-02 9.7227E-02 9.7018E-02 9.6617E-02 9.6083E-02 9.5483E-02 9.5233E-02 9.4990E-02 9.4770E-02 9.4622E-02 9.4609E-02 9.4536E-02 9.4613E-02 9.4714E-02 9.4790E-02 9.4737E-02 9.4478E-02
2.6471E-02 2.8223E-02 3.0006E-02 3.1809E-02 3.3635E-02 3.5477E-02 3.7334E-02 3.9207E-02 4.1129E-02 4.3073E-02 4.5031E-02 4.7043E-02 4.9132E-02 5.1266E-02 5.3488E-02 5.5777E-02 5.8120E-02 6.0526E-02 6.2975E-02 6.5451E-02 6.7912E-02 7.0325E-02 7.2718E-02 7.5095E-02 7.7418E-02 7.9700E-02 8.1888E-02 8.4034E-02 8.6072E-02 8.8000E-02 8.9852E-02 9.1816E-02 9.3677E-02 9.5420E-02 9.7025E-02 9.8425E-02 9.9583E-02 1.0056E-01 1.0133E-01 1.0195E-01 1.0236E-01 1.0226E-01 1.0197E-01 1.0155E-01 1.0095E-01 1.0022E-01 9.9903E-02 9.9584E-02 9.9299E-02 9.9107E-02 9.9059E-02 9.9091E-02 9.9213E-02 9.9376E-02 9.9459E-02 9.9441E-02 9.9261E-02
2.6391E-02 2.8162E-02 2.9983E-02 3.1804E-02 3.3659E-02 3.5529E-02 3.7429E-02 3.9364E-02 4.1325E-02 4.3333E-02 4.5389E-02 4.7496E-02 4.9661E-02 5.1907E-02 5.4228E-02 5.6643E-02 5.9098E-02 6.1645E-02 6.4263E-02 6.6889E-02 6.9524E-02 7.2122E-02 7.4739E-02 7.7262E-02 7.9758E-02 8.2219E-02 8.4611E-02 8.6846E-02 8.8959E-02 9.1045E-02 9.3058E-02 9.5286E-02 9.7427E-02 9.9454E-02 1.0128E-01 1.0296E-01 1.0433E-01 1.0548E-01 1.0644E-01 1.0718E-01 1.0772E-01 1.0765E-01 1.0736E-01 1.0686E-01 1.0618E-01 1.0531E-01 1.0493E-01 1.0452E-01 1.0416E-01 1.0387E-01 1.0374E-01 1.0387E-01 1.0403E-01 1.0426E-01 1.0441E-01 1.0445E-01 1.0434E-01
2.6299E-02 2.8061E-02 2.9895E-02 3.1742E-02 3.3621E-02 3.5527E-02 3.7475E-02 3.9455E-02 4.1486E-02 4.3550E-02 4.5682E-02 4.7874E-02 5.0146E-02 5.2470E-02 5.4882E-02 5.7391E-02 5.9993E-02 6.2692E-02 6.5408E-02 6.8180E-02 7.1018E-02 7.3841E-02 7.6657E-02 7.9460E-02 8.2208E-02 8.4973E-02 8.7534E-02 8.9979E-02 9.2397E-02 9.4825E-02 9.7209E-02 9.9671E-02 1.0205E-01 1.0429E-01 1.0636E-01 1.0823E-01 1.0981E-01 1.1117E-01 1.1230E-01 1.1318E-01 1.1385E-01 1.1397E-01 1.1381E-01 1.1341E-01 1.1284E-01 1.1207E-01 1.1159E-01 1.1110E-01 1.1063E-01 1.1030E-01 1.1000E-01 1.1026E-01 1.1063E-01 1.1102E-01 1.1136E-01 1.1153E-01 1.1123E-01
2.6119E-02 2.7936E-02 2.9764E-02 3.1620E-02 3.3531E-02 3.5469E-02 3.7454E-02 3.9491E-02 4.1568E-02 4.3710E-02 4.5910E-02 4.8180E-02 5.0526E-02 5.2955E-02 5.5481E-02 5.8039E-02 6.0764E-02 6.3573E-02 6.6436E-02 6.9402E-02 7.2424E-02 7.5460E-02 7.8498E-02 8.1558E-02 8.4659E-02 8.7556E-02 9.0341E-02 9.3099E-02 9.5865E-02 9.8659E-02 1.0139E-01 1.0412E-01 1.0676E-01 1.0926E-01 1.1159E-01 1.1372E-01 1.1558E-01 1.1715E-01 1.1847E-01 1.1953E-01 1.2033E-01 1.2064E-01 1.2067E-01 1.2040E-01 1.1990E-01 1.1921E-01 1.1868E-01 1.1806E-01 1.1749E-01 1.1699E-01 1.1663E-01 1.1705E-01 1.1759E-01 1.1818E-01 1.1863E-01 1.1886E-01 1.1835E-01
2.5933E-02 2.7730E-02 2.9586E-02 3.1454E-02 3.3374E-02 3.5346E-02 3.7374E-02 3.9457E-02 4.1587E-02 4.3792E-02 4.6054E-02 4.8411E-02 5.0816E-02 5.3346E-02 5.5963E-02 5.8553E-02 6.1409E-02 6.4337E-02 6.7371E-02 7.0528E-02 7.3727E-02 7.6985E-02 8.0296E-02 8.3714E-02 8.6902E-02 9.0015E-02 9.3111E-02 9.6202E-02 9.9345E-02 1.0248E-01 1.0559E-01 1.0865E-01 1.1157E-01 1.1438E-01 1.1700E-01 1.1944E-01 1.2158E-01 1.2341E-01 1.2498E-01 1.2625E-01 1.2723E-01 1.2773E-01 1.2792E-01 1.2779E-01 1.2738E-01 1.2676E-01 1.2614E-01 1.2544E-01 1.2472E-01 1.2420E-01 1.2374E-01 1.2433E-01 1.2500E-01 1.2568E-01 1.2625E-01 1.2652E-01 1.2575E-01
2.5690E-02 2.7516E-02 2.9335E-02 3.1237E-02 3.3163E-02 3.5162E-02 3.7226E-02 3.9346E-02 4.1527E-02 4.3785E-02 4.6098E-02 4.8515E-02 5.1014E-02 5.3640E-02 5.6251E-02 5.8941E-02 6.1892E-02 6.4968E-02 6.8181E-02 7.1493E-02 7.4884E-02 7.8394E-02 8.2032E-02 8.5525E-02 8.8944E-02 9.2369E-02 9.5786E-02 9.9259E-02 1.0269E-01 1.0616E-01 1.0963E-01 1.1303E-01 1.1640E-01 1.1959E-01 1.2258E-01 1.2541E-01 1.2790E-01 1.3006E-01 1.3190E-01 1.3341E-01 1.3456E-01 1.3526E-01 1.3558E-01 1.3559E-01 1.3531E-01 1.3472E-01 1.3397E-01 1.3317E-01 1.3242E-01 1.3181E-01 1.3129E-01 1.3198E-01 1.3277E-01 1.3357E-01 1.3420E-01 1.3447E-01 1.3349E-01
