inst/extdata/rank(1)_nox_1hr_conc.grd
DSAA
         101         101
     735.634     740.634
    5071.041    5076.041
  0.3313E+00  0.2722E+02
[rows 25 to 49 of 101, columns 0 to 56 of 101]
1.1454E+00 1.1945E+00 1.2388E+00 1.2786E+00 1.3130E+00 1.3414E+00 1.3618E+00 1.4290E+00 1.5173E+00 1.6013E+00 1.6830E+00 1.7610E+00 1.8323E+00 1.8970E+00 1.9554E+00 2.0044E+00 2.0438E+00 2.0687E+00 2.0790E+00 2.0769E+00 2.0581E+00 2.0230E+00 1.9782E+00 1.9976E+00 2.0904E+00 2.1705E+00 2.2343E+00 2.2752E+00 2.2892E+00 2.2791E+00 2.2300E+00 2.1446E+00 2.1922E+00 2.2687E+00 2.4015E+00 2.5334E+00 2.6510E+00 2.7505E+00 2.8281E+00 2.8803E+00 2.8944E+00 2.8768E+00 2.8234E+00 2.7283E+00 2.6996E+00 2.8760E+00 3.0202E+00 3.1251E+00 3.1850E+00 3.1971E+00 3.2935E+00 3.3805E+00 3.4309E+00 3.4434E+00 3.4177E+00 3.3542E+00 3.2588E+00
1.0775E+00 1.1290E+00 1.1767E+00 1.2219E+00 1.2625E+00 1.2966E+00 1.3260E+00 1.3705E+00 1.4594E+00 1.5488E+00 1.6358E+00 1.7187E+00 1.7988E+00 1.8746E+00 1.9418E+00 2.0047E+00 2.0537E+00 2.0903E+00 2.1162E+00 2.1284E+00 2.1211E+00 2.1047E+00 2.0634E+00 2.0054E+00 2.0910E+00 2.1924E+00 2.2808E+00 2.3487E+00 2.3968E+00 2.4110E+00 2.3874E+00 2.3264E+00 2.2410E+00 2.3215E+00 2.3864E+00 2.5363E+00 2.6751E+00 2.8015E+00 2.8986E+00 2.9674E+00 3.0081E+00 3.0084E+00 2.9680E+00 2.8874E+00 2.7709E+00 2.9693E+00 3.1348E+00 3.2588E+00 3.3345E+00 3.3571E+00 3.3920E+00 3.4671E+00 3.5049E+00 3.4988E+00 3.4489E+00 3.3570E+00 3.2281E+00
1.0948E+00 1.1397E+00 1.1792E+00 1.2122E+00 1.2399E+00 1.2584E+00 1.2719E+00 1.3032E+00 1.3901E+00 1.4811E+00 1.5715E+00 1.6613E+00 1.7497E+00 1.8325E+00 1.9139E+00 1.9829E+00 2.0440E+00 2.0961E+00 2.1371E+00 2.1605E+00 2.1699E+00 2.1656E+00 2.1388E+00 2.0947E+00 2.0668E+00 2.1899E+00 2.3042E+00 2.4060E+00 2.4794E+00 2.5226E+00 2.5321E+00 2.5002E+00 2.4282E+00 2.3862E+00 2.4471E+00 2.5418E+00 2.6999E+00 2.8424E+00 2.9644E+00 3.0615E+00 3.1216E+00 3.1463E+00 3.1243E+00 3.0552E+00 2.9474E+00 3.0700E+00 3.2600E+00 3.4062E+00 3.5003E+00 3.5362E+00 3.5107E+00 3.5567E+00 3.5768E+00 3.5468E+00 3.4625E+00 3.3377E+00 3.1735E+00
1.1070E+00 1.1578E+00 1.2034E+00 1.2448E+00 1.2788E+00 1.3056E+00 1.3250E+00 1.3364E+00 1.3428E+00 1.4003E+00 1.4942E+00 1.5892E+00 1.6820E+00 1.7767E+00 1.8619E+00 1.9422E+00 2.0164E+00 2.0830E+00 2.1350E+00 2.1755E+00 2.2037E+00 2.2112E+00 2.2014E+00 2.1781E+00 2.1502E+00 2.1631E+00 2.3076E+00 2.4307E+00 2.5356E+00 2.6133E+00 2.6577E+00 2.6650E+00 2.6331E+00 2.6029E+00 2.6468E+00 2.6821E+00 2.7120E+00 2.8811E+00 3.0319E+00 3.1530E+00 3.2427E+00 3.2904E+00 3.2977E+00 3.2500E+00 3.1458E+00 3.1735E+00 3.3916E+00 3.5636E+00 3.6793E+00 3.7299E+00 3.7129E+00 3.6590E+00 3.6604E+00 3.6027E+00 3.5147E+00 3.3835E+00 3.2493E+00
1.1089E+00 1.1646E+00 1.2178E+00 1.2651E+00 1.3064E+00 1.3416E+00 1.3699E+00 1.3933E+00 1.4075E+00 1.4132E+00 1.4120E+00 1.5011E+00 1.6008E+00 1.6981E+00 1.7916E+00 1.8826E+00 1.9690E+00 2.0447E+00 2.1128E+00 2.1716E+00 2.2120E+00 2.2375E+00 2.2511E+00 2.2499E+00 2.2578E+00 2.2429E+00 2.2754E+00 2.4266E+00 2.5623E+00 2.6762E+00 2.7627E+00 2.8109E+00 2.8175E+00 2.8171E+00 2.8721E+00 2.9025E+00 2.9050E+00 2.9166E+00 3.0942E+00 3.2482E+00 3.3684E+00 3.4512E+00 3.4823E+00 3.4663E+00 3.3765E+00 3.2850E+00 3.5352E+00 3.7371E+00 3.8805E+00 3.9612E+00 3.9545E+00 3.8715E+00 3.7790E+00 3.7701E+00 3.7156E+00 3.6081E+00 3.4529E+00
1.0993E+00 1.1609E+00 1.2185E+00 1.2721E+00 1.3207E+00 1.3641E+00 1.4025E+00 1.4349E+00 1.4589E+00 1.4762E+00 1.4862E+00 1.4893E+00 1.5315E+00 1.6028E+00 1.7041E+00 1.8041E+00 1.8967E+00 1.9857E+00 2.0652E+00 2.1390E+00 2.1967E+00 2.2459E+00 2.2758E+00 2.3033E+00 2.3389E+00 2.3511E+00 2.3437E+00 2.3910E+00 2.5577E+00 2.7104E+00 2.8379E+00 2.9366E+00 2.9859E+00 3.0359E+00 3.0787E+00 3.1083E+00 3.1079E+00 3.0971E+00 3.1564E+00 3.3427E+00 3.5041E+00 3.6279E+00 3.6862E+00 3.6881E+00 3.6195E+00 3.5040E+00 3.7055E+00 3.9399E+00 4.1093E+00 4.2012E+00 4.2073E+00 4.1225E+00 4.0144E+00 4.0197E+00 3.9607E+00 3.8419E+00 3.6703E+00
1.0791E+00 1.1435E+00 1.2059E+00 1.2647E+00 1.3201E+00 1.3717E+00 1.4195E+00 1.4600E+00 1.4953E+00 1.5243E+00 1.5463E+00 1.5626E+00 1.5696E+00 1.6107E+00 1.6569E+00 1.7046E+00 1.8051E+00 1.9021E+00 1.9980E+00 2.0843E+00 2.1614E+00 2.2313E+00 2.2822E+00 2.3233E+00 2.3877E+00 2.4345E+00 2.4513E+00 2.4987E+00 2.6505E+00 2.8168E+00 2.9409E+00 3.0491E+00 3.1651E+00 3.2224E+00 3.2624E+00 3.2969E+00 3.3089E+00 3.3115E+00 3.3001E+00 3.4523E+00 3.6430E+00 3.7931E+00 3.8939E+00 3.9291E+00 3.9140E+00 3.7935E+00 3.8611E+00 4.1372E+00 4.3431E+00 4.4627E+00 4.4847E+00 4.4013E+00 4.2653E+00 4.2729E+00 4.2082E+00 4.0755E+00 3.8838E+00
1.0460E+00 1.1132E+00 1.1790E+00 1.2424E+00 1.3040E+00 1.3626E+00 1.4173E+00 1.4676E+00 1.5129E+00 1.5538E+00 1.5889E+00 1.6175E+00 1.6469E+00 1.6900E+00 1.7294E+00 1.7571E+00 1.7806E+00 1.8104E+00 1.9050E+00 2.0041E+00 2.1002E+00 2.1827E+00 2.2569E+00 2.3159E+00 2.4030E+00 2.4743E+00 2.5277E+00 2.6734E+00 2.8481E+00 2.9996E+00 3.1185E+00 3.2306E+00 3.3276E+00 3.3819E+00 3.4329E+00 3.4784E+00 3.5079E+00 3.5279E+00 3.5317E+00 3.5335E+00 3.7723E+00 3.9725E+00 4.1374E+00 4.2166E+00 4.2084E+00 4.1077E+00 4.0364E+00 4.3636E+00 4.6146E+00 4.7691E+00 4.8118E+00 4.7357E+00 4.5395E+00 4.5369E+00 4.4705E+00 4.3323E+00 4.1198E+00
1.0015E+00 1.0705E+00 1.1381E+00 1.2053E+00 1.2715E+00 1.3348E+00 1.3967E+00 1.4550E+00 1.5105E+00 1.5665E+00 1.6284E+00 1.6893E+00 1.7452E+00 1.7897E+00 1.8304E+00 1.8634E+00 1.8935E+00 1.9125E+00 1.9167E+00 1.9118E+00 2.0063E+00 2.1073E+00 2.1992E+00 2.2821E+00 2.3708E+00 2.4754E+00 2.6684E+00 2.8329E+00 3.0076E+00 3.1574E+00 3.2679E+00 3.3714E+00 3.4584E+00 3.5239E+00 3.5966E+00 3.6519E+00 3.7001E+00 3.7360E+00 3.7596E+00 3.7660E+00 3.8991E+00 4.1719E+00 4.3716E+00 4.4923E+00 4.5225E+00 4.4551E+00 4.2714E+00 4.6078E+00 4.9124E+00 5.1069E+00 5.1740E+00 5.0966E+00 4.8826E+00 4.8187E+00 4.7520E+00 4.5931E+00 4.3601E+00
1.0212E+00 1.0900E+00 1.1593E+00 1.2311E+00 1.3060E+00 1.3826E+00 1.4491E+00 1.5142E+00 1.5778E+00 1.6438E+00 1.7132E+00 1.7781E+00 1.8345E+00 1.8813E+00 1.9257E+00 1.9652E+00 2.0023E+00 2.0228E+00 2.0276E+00 2.0202E+00 2.0078E+00 2.0148E+00 2.1116E+00 2.2190E+00 2.4263E+00 2.6223E+00 2.8114E+00 2.9686E+00 3.1421E+00 3.2716E+00 3.3726E+00 3.4850E+00 3.5673E+00 3.6494E+00 3.7381E+00 3.8156E+00 3.8783E+00 3.9378E+00 3.9858E+00 4.0172E+00 4.0406E+00 4.3474E+00 4.6004E+00 4.7826E+00 4.8604E+00 4.8378E+00 4.6813E+00 4.8625E+00 5.2282E+00 5.4715E+00 5.6023E+00 5.5283E+00 5.2949E+00 5.1209E+00 5.0491E+00 4.8772E+00 4.6206E+00
1.0593E+00 1.1297E+00 1.2027E+00 1.2791E+00 1.3570E+00 1.4319E+00 1.5013E+00 1.5706E+00 1.6402E+00 1.7144E+00 1.7887E+00 1.8513E+00 1.9096E+00 1.9632E+00 2.0127E+00 2.0619E+00 2.1026E+00 2.1232E+00 2.1342E+00 2.1405E+00 2.1304E+00 2.1128E+00 2.1348E+00 2.3475E+00 2.5562E+00 2.7456E+00 2.9230E+00 3.0907E+00 3.2320E+00 3.3399E+00 3.4446E+00 3.5616E+00 3.6559E+00 3.7558E+00 3.8594E+00 3.9641E+00 4.0634E+00 4.1304E+00 4.2066E+00 4.2672E+00 4.3011E+00 4.4995E+00 4.8267E+00 5.0679E+00 5.2118E+00 5.2513E+00 5.1081E+00 5.1534E+00 5.5876E+00 5.8875E+00 6.0185E+00 5.9533E+00 5.6993E+00 5.4316E+00 5.3593E+00 5.1760E+00 4.8951E+00
1.0870E+00 1.1605E+00 1.2374E+00 1.3180E+00 1.3971E+00 1.4706E+00 1.5427E+00 1.6166E+00 1.6913E+00 1.7708E+00 1.8449E+00 1.9127E+00 1.9732E+00 2.0333E+00 2.0907E+00 2.1475E+00 2.1877E+00 2.2141E+00 2.2338E+00 2.2491E+00 2.2499E+00 2.2430E+00 2.2463E+00 2.4586E+00 2.6568E+00 2.8428E+00 2.9994E+00 3.1437E+00 3.2750E+00 3.3750E+00 3.4897E+00 3.6137E+00 3.7190E+00 3.8413E+00 3.9579E+00 4.0750E+00 4.2371E+00 4.3214E+00 4.4185E+00 4.5122E+00 4.5812E+00 4.6278E+00 5.0221E+00 5.3646E+00 5.5591E+00 5.6153E+00 5.5151E+00 5.3995E+00 5.9304E+00 6.3049E+00 6.4850E+00 6.4380E+00 6.1655E+00 5.7693E+00 5.7040E+00 5.5059E+00 5.1936E+00
1.1059E+00 1.1823E+00 1.2627E+00 1.3459E+00 1.4203E+00 1.4968E+00 1.5721E+00 1.6498E+00 1.7289E+00 1.8100E+00 1.8856E+00 1.9547E+00 2.0217E+00 2.0891E+00 2.1536E+00 2.2143E+00 2.2554E+00 2.2939E+00 2.3274E+00 2.3492E+00 2.3652E+00 2.3649E+00 2.3535E+00 2.5399E+00 2.7287E+00 2.8896E+00 3.0235E+00 3.1548E+00 3.2749E+00 3.3816E+00 3.5181E+00 3.6343E+00 3.7552E+00 3.8970E+00 4.0314E+00 4.1763E+00 4.3249E+00 4.5270E+00 4.6168E+00 4.7478E+00 4.8591E+00 4.9596E+00 5.1857E+00 5.5651E+00 5.8349E+00 5.9650E+00 5.9180E+00 5.6727E+00 6.2889E+00 6.7553E+00 6.9978E+00 6.9753E+00 6.6818E+00 6.1484E+00 6.0521E+00 5.8421E+00 5.5007E+00
1.1159E+00 1.1944E+00 1.2780E+00 1.3541E+00 1.4306E+00 1.5094E+00 1.5875E+00 1.6670E+00 1.7495E+00 1.8311E+00 1.9065E+00 1.9810E+00 2.0538E+00 2.1268E+00 2.1997E+00 2.2596E+00 2.3098E+00 2.3610E+00 2.4021E+00 2.4332E+00 2.4618E+00 2.4751E+00 2.4759E+00 2.5931E+00 2.7511E+00 2.8864E+00 3.0079E+00 3.1333E+00 3.2587E+00 3.3707E+00 3.5056E+00 3.6272E+00 3.7687E+00 3.9211E+00 4.0809E+00 4.2507E+00 4.4282E+00 4.6109E+00 4.7943E+00 4.9719E+00 5.1416E+00 5.2737E+00 5.3681E+00 5.7016E+00 6.0683E+00 6.2856E+00 6.2979E+00 6.0915E+00 6.6845E+00 7.2650E+00 7.5891E+00 7.6001E+00 7.2827E+00 6.6677E+00 6.3818E+00 6.1601E+00 5.7912E+00
1.1157E+00 1.1947E+00 1.2737E+00 1.3495E+00 1.4267E+00 1.5077E+00 1.5875E+00 1.6689E+00 1.7498E+00 1.8306E+00 1.9099E+00 1.9866E+00 2.0653E+00 2.1455E+00 2.2189E+00 2.2862E+00 2.3486E+00 2.4039E+00 2.4556E+00 2.4989E+00 2.5402E+00 2.5664E+00 2.5843E+00 2.6082E+00 2.7298E+00 2.8418E+00 2.9597E+00 3.1002E+00 3.2020E+00 3.3230E+00 3.4709E+00 3.6000E+00 3.7467E+00 3.9213E+00 4.0988E+00 4.2934E+00 4.5021E+00 4.7213E+00 4.9468E+00 5.1873E+00 5.3965E+00 5.5899E+00 5.7532E+00 5.8607E+00 6.2082E+00 6.5199E+00 6.6216E+00 6.4707E+00 7.0773E+00 7.8164E+00 8.2467E+00 8.3035E+00 7.9605E+00 7.3885E+00 6.6882E+00 6.4605E+00 6.0646E+00
1.1046E+00 1.1823E+00 1.2562E+00 1.3310E+00 1.4088E+00 1.4909E+00 1.5709E+00 1.6507E+00 1.7319E+00 1.8123E+00 1.8931E+00 1.9728E+00 2.0552E+00 2.1381E+00 2.2152E+00 2.2895E+00 2.3598E+00 2.4260E+00 2.4862E+00 2.5422E+00 2.5941E+00 2.6350E+00 2.6687E+00 2.6990E+00 2.7492E+00 2.8563E+00 2.9272E+00 3.0161E+00 3.1213E+00 3.2634E+00 3.3956E+00 3.5348E+00 3.6999E+00 3.8834E+00 4.0826E+00 4.3028E+00 4.5424E+00 4.7998E+00 5.0823E+00 5.3586E+00 5.6345E+00 5.9057E+00 6.1476E+00 6.3454E+00 6.4703E+00 6.6378E+00 6.8515E+00 6.8039E+00 7.6108E+00 8.5022E+00 9.0575E+00 9.1685E+00 8.7942E+00 7.9740E+00 7.0432E+00 6.7848E+00 6.3409E+00
1.0855E+00 1.1548E+00 1.2264E+00 1.2989E+00 1.3751E+00 1.4555E+00 1.5338E+00 1.6123E+00 1.6904E+00 1.7716E+00 1.8531E+00 1.9341E+00 2.0192E+00 2.1040E+00 2.1856E+00 2.2657E+00 2.3445E+00 2.4176E+00 2.4891E+00 2.5586E+00 2.6191E+00 2.6767E+00 2.7332E+00 2.7753E+00 2.8104E+00 2.8621E+00 2.9827E+00 3.0872E+00 3.1575E+00 3.2096E+00 3.2952E+00 3.4481E+00 3.6149E+00 3.8146E+00 4.0320E+00 4.2756E+00 4.5433E+00 4.8572E+00 5.1754E+00 5.5027E+00 5.8507E+00 6.2063E+00 6.5409E+00 6.8520E+00 7.0942E+00 7.2255E+00 7.2884E+00 7.4746E+00 7.9438E+00 9.0185E+00 9.7311E+00 9.9177E+00 9.5146E+00 8.5667E+00 7.4900E+00 7.1971E+00 6.6829E+00
1.0495E+00 1.1157E+00 1.1841E+00 1.2538E+00 1.3269E+00 1.4044E+00 1.4785E+00 1.5551E+00 1.6330E+00 1.7125E+00 1.7931E+00 1.8771E+00 1.9600E+00 2.0476E+00 2.1334E+00 2.2161E+00 2.2997E+00 2.3801E+00 2.4617E+00 2.5408E+00 2.6137E+00 2.6829E+00 2.7577E+00 2.8152E+00 2.8702E+00 2.9147E+00 2.9310E+00 3.0758E+00 3.2057E+00 3.3193E+00 3.3834E+00 3.3896E+00 3.4990E+00 3.7120E+00 3.9449E+00 4.2079E+00 4.5284E+00 4.8456E+00 5.2195E+00 5.6117E+00 6.0349E+00 6.4675E+00 6.9238E+00 7.3714E+00 7.8448E+00 8.0936E+00 8.2049E+00 8.1247E+00 8.6916E+00 9.5440E+00 1.0465E+01 1.0757E+01 1.0323E+01 9.2156E+00 8.0019E+00 7.6636E+00 7.0791E+00
1.0351E+00 1.0923E+00 1.1508E+00 1.1963E+00 1.2652E+00 1.3378E+00 1.4093E+00 1.4836E+00 1.5583E+00 1.6354E+00 1.7135E+00 1.7976E+00 1.8793E+00 1.9678E+00 2.0547E+00 2.1431E+00 2.2285E+00 2.3169E+00 2.4013E+00 2.4863E+00 2.5711E+00 2.6625E+00 2.7411E+00 2.8159E+00 2.8882E+00 2.9472E+00 2.9911E+00 3.0127E+00 3.1238E+00 3.2822E+00 3.4061E+00 3.4909E+00 3.5421E+00 3.5768E+00 3.8612E+00 4.1297E+00 4.4366E+00 4.7905E+00 5.2165E+00 5.6696E+00 6.1630E+00 6.7050E+00 7.2931E+00 7.9750E+00 8.5036E+00 8.9408E+00 9.2009E+00 9.2457E+00 9.2988E+00 9.9079E+00 1.1074E+01 1.1500E+01 1.1040E+01 9.7350E+00 8.5667E+00 8.1674E+00 7.4835E+00
1.0633E+00 1.1251E+00 1.1854E+00 1.2309E+00 1.2652E+00 1.2902E+00 1.3262E+00 1.3974E+00 1.4683E+00 1.5418E+00 1.6193E+00 1.6992E+00 1.7809E+00 1.8689E+00 1.9563E+00 2.0431E+00 2.1317E+00 2.2207E+00 2.3120E+00 2.4013E+00 2.4981E+00 2.5927E+00 2.6804E+00 2.7733E+00 2.8614E+00 2.9359E+00 2.9927E+00 3.0424E+00 3.0892E+00 3.1003E+00 3.2450E+00 3.3956E+00 3.5320E+00 3.6481E+00 3.6924E+00 3.9732E+00 4.3039E+00 4.7145E+00 5.1583E+00 5.6596E+00 6.2430E+00 6.8857E+00 7.7194E+00 8.4461E+00 9.1797E+00 9.7837E+00 1.0301E+01 1.0550E+01 1.0442E+01 1.0053E+01 1.1516E+01 1.2122E+01 1.1638E+01 1.0099E+01 9.3935E+00 8.6688E+00 7.8518E+00
1.0867E+00 1.1515E+00 1.2148E+00 1.2617E+00 1.2992E+00 1.3241E+00 1.3382E+00 1.3494E+00 1.3885E+00 1.4372E+00 1.5107E+00 1.5871E+00 1.6675E+00 1.7522E+00 1.8340E+00 1.9217E+00 2.0089E+00 2.0965E+00 2.1905E+00 2.2867E+00 2.3849E+00 2.4812E+00 2.5777E+00 2.6791E+00 2.7794E+00 2.8631E+00 2.9354E+00 3.0197E+00 3.0736E+00 3.1167E+00 3.1467E+00 3.1391E+00 3.2948E+00 3.4823E+00 3.5855E+00 3.7801E+00 4.1246E+00 4.5621E+00 5.0306E+00 5.5935E+00 6.2491E+00 7.0999E+00 7.9691E+00 8.8782E+00 9.7549E+00 1.0658E+01 1.1435E+01 1.1981E+01 1.2103E+01 1.1791E+01 1.1722E+01 1.2567E+01 1.2070E+01 1.1144E+01 1.0733E+01 9.7350E+00 8.3347E+00
1.1055E+00 1.1724E+00 1.2373E+00 1.2861E+00 1.3256E+00 1.3519E+00 1.3680E+00 1.3867E+00 1.4289E+00 1.4690E+00 1.5085E+00 1.5485E+00 1.5875E+00 1.6233E+00 1.6959E+00 1.7802E+00 1.8630E+00 1.9499E+00 2.0423E+00 2.1390E+00 2.2351E+00 2.3330E+00 2.4365E+00 2.5368E+00 2.6457E+00 2.7351E+00 2.8332E+00 2.9188E+00 2.9982E+00 3.0562E+00 3.1082E+00 3.1344E+00 3.1267E+00 3.1662E+00 3.2909E+00 3.5492E+00 3.8994E+00 4.3428E+00 4.8452E+00 5.4511E+00 6.2816E+00 7.0998E+00 8.1001E+00 9.1244E+00 1.0262E+01 1.1429E+01 1.2516E+01 1.3373E+01 1.3899E+01 1.3751E+01 1.2572E+01 1.2431E+01 1.1892E+01 1.2201E+01 1.1644E+01 1.0348E+01 8.6222E+00
1.1177E+00 1.1884E+00 1.2530E+00 1.3049E+00 1.3443E+00 1.3731E+00 1.3914E+00 1.4107E+00 1.4551E+00 1.4976E+00 1.5398E+00 1.5830E+00 1.6251E+00 1.6647E+00 1.7057E+00 1.7463E+00 1.7870E+00 1.8320E+00 1.8782E+00 1.9624E+00 2.0539E+00 2.1518E+00 2.2513E+00 2.3663E+00 2.4608E+00 2.5628E+00 2.6621E+00 2.7568E+00 2.8429E+00 2.9350E+00 2.9887E+00 3.0728E+00 3.1474E+00 3.1805E+00 3.2463E+00 3.4110E+00 3.6287E+00 4.0798E+00 4.5939E+00 5.3427E+00 6.0891E+00 6.9239E+00 8.0214E+00 9.2239E+00 1.0532E+01 1.1955E+01 1.3323E+01 1.4604E+01 1.5434E+01 1.5497E+01 1.4186E+01 1.2250E+01 1.1932E+01 1.2411E+01 1.1731E+01 1.0131E+01 8.5870E+00
1.1239E+00 1.1962E+00 1.2624E+00 1.3160E+00 1.3566E+00 1.3868E+00 1.4077E+00 1.4195E+00 1.4651E+00 1.5091E+00 1.5529E+00 1.5981E+00 1.6421E+00 1.6843E+00 1.7284E+00 1.7724E+00 1.8170E+00 1.8683E+00 1.9183E+00 1.9714E+00 2.0277E+00 2.0967E+00 2.1603E+00 2.2292E+00 2.3072E+00 2.4087E+00 2.5552E+00 2.6930E+00 2.8446E+00 2.9920E+00 3.1303E+00 3.2713E+00 3.3851E+00 3.4614E+00 3.5004E+00 3.5273E+00 3.7143E+00 3.8946E+00 4.3899E+00 5.0218E+00 5.7386E+00 6.6258E+00 7.7790E+00 9.0427E+00 1.0445E+01 1.1968E+01 1.3631E+01 1.5121E+01 1.6253E+01 1.6503E+01 1.5063E+01 1.2453E+01 1.1819E+01 1.1434E+01 1.0645E+01 9.5672E+00 8.4404E+00
1.1258E+00 1.1976E+00 1.2636E+00 1.3193E+00 1.3607E+00 1.3924E+00 1.4167E+00 1.4312E+00 1.4578E+00 1.5019E+00 1.5460E+00 1.5919E+00 1.6365E+00 1.6798E+00 1.7252E+00 1.7708E+00 1.8202E+00 1.8713E+00 1.9246E+00 1.9819E+00 2.0434E+00 2.1180E+00 2.1887E+00 2.2663E+00 2.3545E+00 2.4472E+00 2.5565E+00 2.7030E+00 2.8674E+00 3.0307E+00 3.1880E+00 3.3515E+00 3.4945E+00 3.6047E+00 3.6837E+00 3.7486E+00 3.9960E+00 4.2335E+00 4.4576E+00 4.7127E+00 5.2855E+00 6.1272E+00 7.2578E+00 8.4437E+00 9.7811E+00 1.1329E+01 1.2938E+01 1.4490E+01 1.5729E+01 1.6027E+01 1.4369E+01 1.2230E+01 1.5151E+01 1.5352E+01 1.4150E+01 1.1556E+01 9.4140E+00
