inst/extdata/rank(176)_nox_1hr_conc.grd
DSAA
         101         101
     735.634     740.634
    5071.041    5076.041
  0.2680E-01  0.9405E+01
[rows 75 to 99 of 101, columns 0 to 56 of 101]
7.7608E-02 8.0365E-02 8.3512E-02 8.7590E-02 9.0576E-02 9.3889E-02 9.7968E-02 1.0316E-01 1.0840E-01 1.1253E-01 1.1655E-01 1.2035E-01 1.2477E-01 1.2899E-01 1.3231E-01 1.3669E-01 1.4041E-01 1.3948E-01 1.4459E-01 1.5251E-01 1.5687E-01 1.6184E-01 1.6801E-01 1.7453E-01 1.8183E-01 1.8812E-01 1.9350E-01 1.9722E-01 2.0308E-01 2.0908E-01 2.1571E-01 2.2462E-01 2.3179E-01 2.4001E-01 2.5276E-01 2.5789E-01 2.6771E-01 2.8463E-01 2.9253E-01 3.0656E-01 3.1657E-01 3.3149E-01 3.4321E-01 3.5391E-01 3.5958E-01 3.7572E-01 3.7654E-01 3.8545E-01 3.9436E-01 3.9392E-01 3.9125E-01 3.8441E-01 3.8445E-01 3.8815E-01 3.8475E-01 3.7569E-01 3.7044E-01
7.6355E-02 7.9852E-02 8.3131E-02 8.5981E-02 9.1598E-02 9.4449E-02 9.8123E-02 1.0236E-01 1.0678E-01 1.1048E-01 1.1395E-01 1.1717E-01 1.2065E-01 1.2496E-01 1.2909E-01 1.3031E-01 1.3306E-01 1.3740E-01 1.4501E-01 1.4968E-01 1.5356E-01 1.5820E-01 1.6424E-01 1.6958E-01 1.7445E-01 1.7952E-01 1.8393E-01 1.8901E-01 1.9505E-01 2.0210E-01 2.0993E-01 2.1577E-01 2.2060E-01 2.3154E-01 2.3754E-01 2.4467E-01 2.6075E-01 2.6909E-01 2.7791E-01 2.8976E-01 2.9906E-01 3.1139E-01 3.2056E-01 3.2835E-01 3.3730E-01 3.4095E-01 3.4882E-01 3.5531E-01 3.6121E-01 3.6086E-01 3.5784E-01 3.5252E-01 3.5282E-01 3.5573E-01 3.5411E-01 3.4957E-01 3.4028E-01
7.5010E-02 7.8718E-02 8.3393E-02 8.7126E-02 8.9361E-02 9.3232E-02 9.7136E-02 1.0283E-01 1.0494E-01 1.0867E-01 1.1244E-01 1.1343E-01 1.1722E-01 1.2093E-01 1.2268E-01 1.2732E-01 1.3102E-01 1.3780E-01 1.4018E-01 1.4581E-01 1.5046E-01 1.5584E-01 1.6207E-01 1.6333E-01 1.6817E-01 1.7350E-01 1.7753E-01 1.8264E-01 1.8920E-01 1.9467E-01 1.9945E-01 2.0307E-01 2.1312E-01 2.2055E-01 2.2691E-01 2.3498E-01 2.4620E-01 2.5437E-01 2.6576E-01 2.7333E-01 2.8243E-01 2.9275E-01 2.9808E-01 3.0356E-01 3.1569E-01 3.1679E-01 3.2124E-01 3.2910E-01 3.3234E-01 3.3131E-01 3.3002E-01 3.2446E-01 3.2569E-01 3.2627E-01 3.2522E-01 3.2203E-01 3.1495E-01
7.6510E-02 7.9514E-02 8.1993E-02 8.5996E-02 8.9958E-02 9.5137E-02 9.7692E-02 9.9575E-02 1.0316E-01 1.0515E-01 1.0938E-01 1.1035E-01 1.1375E-01 1.1707E-01 1.2005E-01 1.2383E-01 1.3039E-01 1.3266E-01 1.3805E-01 1.4289E-01 1.4791E-01 1.5224E-01 1.5537E-01 1.6007E-01 1.6301E-01 1.6820E-01 1.7072E-01 1.7582E-01 1.8278E-01 1.8685E-01 1.9003E-01 1.9671E-01 2.0443E-01 2.0976E-01 2.1830E-01 2.2807E-01 2.3450E-01 2.4228E-01 2.5095E-01 2.5864E-01 2.6916E-01 2.7450E-01 2.7986E-01 2.8320E-01 2.9326E-01 2.9494E-01 2.9748E-01 3.0662E-01 3.0914E-01 3.0701E-01 3.0472E-01 2.9969E-01 2.9964E-01 3.0196E-01 3.0120E-01 2.9854E-01 2.9204E-01
7.5241E-02 7.8297E-02 8.2223E-02 8.6213E-02 8.9954E-02 9.3803E-02 9.7760E-02 1.0067E-01 1.0272E-01 1.0377E-01 1.0711E-01 1.0809E-01 1.1188E-01 1.1466E-01 1.1713E-01 1.2147E-01 1.2647E-01 1.3120E-01 1.3506E-01 1.3992E-01 1.4357E-01 1.4591E-01 1.5213E-01 1.5450E-01 1.5849E-01 1.6266E-01 1.6543E-01 1.7214E-01 1.7584E-01 1.7964E-01 1.8262E-01 1.9127E-01 1.9709E-01 2.0294E-01 2.1102E-01 2.1705E-01 2.2369E-01 2.3088E-01 2.3736E-01 2.4500E-01 2.5181E-01 2.5689E-01 2.6277E-01 2.6501E-01 2.7130E-01 2.7451E-01 2.7564E-01 2.8502E-01 2.8548E-01 2.8299E-01 2.8040E-01 2.7765E-01 2.7731E-01 2.7845E-01 2.7809E-01 2.7600E-01 2.7015E-01
7.5234E-02 7.8457E-02 8.3019E-02 8.5757E-02 8.9726E-02 9.6072E-02 9.8965E-02 1.0033E-01 1.0005E-01 1.0217E-01 1.0554E-01 1.0785E-01 1.0855E-01 1.1229E-01 1.1452E-01 1.1976E-01 1.2256E-01 1.2806E-01 1.3221E-01 1.3529E-01 1.3875E-01 1.4341E-01 1.4644E-01 1.5003E-01 1.5349E-01 1.5690E-01 1.6094E-01 1.6457E-01 1.6852E-01 1.7233E-01 1.8014E-01 1.8448E-01 1.8800E-01 1.9526E-01 2.0223E-01 2.0601E-01 2.1331E-01 2.2045E-01 2.2577E-01 2.3263E-01 2.3650E-01 2.4048E-01 2.4587E-01 2.4900E-01 2.5611E-01 2.5577E-01 2.5761E-01 2.6561E-01 2.6723E-01 2.6165E-01 2.6032E-01 2.5875E-01 2.5691E-01 2.5797E-01 2.5753E-01 2.5527E-01 2.4960E-01
7.4716E-02 7.7806E-02 8.1502E-02 8.4880E-02 8.9894E-02 9.4225E-02 9.5292E-02 9.4539E-02 9.6806E-02 9.9199E-02 1.0149E-01 1.0330E-01 1.0442E-01 1.0819E-01 1.1079E-01 1.1543E-01 1.2040E-01 1.2437E-01 1.2914E-01 1.3288E-01 1.3654E-01 1.3917E-01 1.4292E-01 1.4617E-01 1.4954E-01 1.5155E-01 1.5420E-01 1.5567E-01 1.6272E-01 1.6653E-01 1.7263E-01 1.7411E-01 1.8191E-01 1.8707E-01 1.9268E-01 1.9840E-01 2.0398E-01 2.0833E-01 2.1405E-01 2.1831E-01 2.2318E-01 2.2726E-01 2.3093E-01 2.3311E-01 2.3848E-01 2.3789E-01 2.4134E-01 2.4672E-01 2.4800E-01 2.4281E-01 2.4377E-01 2.4126E-01 2.3885E-01 2.3983E-01 2.3833E-01 2.3720E-01 2.3103E-01
7.4637E-02 7.7851E-02 8.1541E-02 8.4295E-02 8.7759E-02 9.1573E-02 9.0783E-02 9.1525E-02 9.3588E-02 9.5883E-02 9.5919E-02 9.8276E-02 1.0190E-01 1.0461E-01 1.0985E-01 1.1247E-01 1.1753E-01 1.2213E-01 1.2613E-01 1.2939E-01 1.3237E-01 1.3501E-01 1.3879E-01 1.4178E-01 1.4360E-01 1.4746E-01 1.4749E-01 1.5183E-01 1.5612E-01 1.6021E-01 1.6192E-01 1.6981E-01 1.7572E-01 1.8024E-01 1.8398E-01 1.9008E-01 1.9242E-01 1.9709E-01 2.0208E-01 2.0689E-01 2.1113E-01 2.1460E-01 2.1507E-01 2.1760E-01 2.2122E-01 2.2210E-01 2.2749E-01 2.2841E-01 2.2780E-01 2.2712E-01 2.2694E-01 2.2671E-01 2.2264E-01 2.2289E-01 2.2204E-01 2.1857E-01 2.1409E-01
7.4458E-02 7.7294E-02 8.0143E-02 8.2413E-02 8.5911E-02 8.9125E-02 8.8062E-02 8.9057E-02 9.1128E-02 8.9490E-02 9.2981E-02 9.6736E-02 9.9921E-02 1.0460E-01 1.0703E-01 1.1049E-01 1.1479E-01 1.1951E-01 1.2260E-01 1.2661E-01 1.2860E-01 1.3132E-01 1.3413E-01 1.3548E-01 1.3996E-01 1.3965E-01 1.4278E-01 1.4734E-01 1.5047E-01 1.5514E-01 1.5684E-01 1.6387E-01 1.6832E-01 1.7211E-01 1.7825E-01 1.8185E-01 1.8377E-01 1.8819E-01 1.9352E-01 1.9655E-01 1.9898E-01 2.0054E-01 2.0148E-01 2.0318E-01 2.0654E-01 2.0486E-01 2.1320E-01 2.1209E-01 2.1281E-01 2.1091E-01 2.1162E-01 2.1299E-01 2.0791E-01 2.0707E-01 2.0700E-01 2.0278E-01 2.0040E-01
7.4592E-02 7.6757E-02 7.8850E-02 8.1641E-02 8.3994E-02 8.7004E-02 8.6094E-02 8.6198E-02 8.5232E-02 8.7225E-02 9.1877E-02 9.4228E-02 9.9239E-02 1.0144E-01 1.0456E-01 1.0784E-01 1.1162E-01 1.1475E-01 1.1720E-01 1.2199E-01 1.2428E-01 1.2542E-01 1.2829E-01 1.3157E-01 1.3261E-01 1.3383E-01 1.3915E-01 1.4292E-01 1.4601E-01 1.4830E-01 1.5447E-01 1.5807E-01 1.6180E-01 1.6513E-01 1.7099E-01 1.7253E-01 1.7590E-01 1.8012E-01 1.8381E-01 1.8539E-01 1.8745E-01 1.8983E-01 1.9141E-01 1.9272E-01 1.9334E-01 1.9319E-01 1.9889E-01 1.9819E-01 1.9934E-01 1.9769E-01 1.9946E-01 1.9805E-01 1.9569E-01 1.9452E-01 1.9447E-01 1.9140E-01 1.9081E-01
7.3253E-02 7.5350E-02 7.8385E-02 8.0020E-02 8.1500E-02 8.3301E-02 8.3175E-02 8.2252E-02 8.3603E-02 8.7249E-02 9.0453E-02 9.4151E-02 9.5903E-02 9.9223E-02 1.0237E-01 1.0491E-01 1.0843E-01 1.1117E-01 1.1450E-01 1.1651E-01 1.2021E-01 1.2326E-01 1.2522E-01 1.2542E-01 1.2714E-01 1.3029E-01 1.3509E-01 1.3561E-01 1.3993E-01 1.4365E-01 1.4784E-01 1.5302E-01 1.5548E-01 1.6027E-01 1.6309E-01 1.6505E-01 1.6855E-01 1.7194E-01 1.7417E-01 1.7540E-01 1.7760E-01 1.8016E-01 1.7850E-01 1.8143E-01 1.8228E-01 1.8205E-01 1.8539E-01 1.8572E-01 1.8514E-01 1.8325E-01 1.8652E-01 1.8534E-01 1.8453E-01 1.8398E-01 1.8437E-01 1.8367E-01 1.8835E-01
7.1226E-02 7.2294E-02 7.3418E-02 7.4743E-02 7.7271E-02 7.8276E-02 7.9099E-02 7.9664E-02 8.2426E-02 8.5311E-02 8.8735E-02 9.1340E-02 9.3892E-02 9.6264E-02 9.8358E-02 1.0120E-01 1.0445E-01 1.0848E-01 1.1170E-01 1.1457E-01 1.1636E-01 1.1913E-01 1.1989E-01 1.2105E-01 1.2395E-01 1.2734E-01 1.3027E-01 1.3199E-01 1.3455E-01 1.4002E-01 1.4316E-01 1.4749E-01 1.5017E-01 1.5315E-01 1.5396E-01 1.5796E-01 1.6152E-01 1.6427E-01 1.6444E-01 1.6551E-01 1.6816E-01 1.6992E-01 1.7134E-01 1.7140E-01 1.7207E-01 1.7205E-01 1.7513E-01 1.7481E-01 1.7372E-01 1.7517E-01 1.7517E-01 1.7549E-01 1.7491E-01 1.7653E-01 1.8049E-01 1.8353E-01 1.8936E-01
6.8611E-02 6.8581E-02 7.0776E-02 7.2375E-02 7.2187E-02 7.4470E-02 7.4717E-02 7.8278E-02 8.1567E-02 8.4153E-02 8.6702E-02 8.9684E-02 9.2084E-02 9.3854E-02 9.5641E-02 9.8454E-02 1.0201E-01 1.0622E-01 1.0790E-01 1.1066E-01 1.1243E-01 1.1314E-01 1.1457E-01 1.1712E-01 1.2126E-01 1.2283E-01 1.2494E-01 1.2729E-01 1.3070E-01 1.3454E-01 1.3850E-01 1.3973E-01 1.4395E-01 1.4541E-01 1.4876E-01 1.5361E-01 1.5486E-01 1.5558E-01 1.5564E-01 1.5856E-01 1.5966E-01 1.6122E-01 1.6297E-01 1.6286E-01 1.6275E-01 1.6379E-01 1.6511E-01 1.6566E-01 1.6498E-01 1.6707E-01 1.6572E-01 1.6899E-01 1.7134E-01 1.7642E-01 1.8085E-01 1.8349E-01 1.9128E-01
6.6716E-02 6.6958E-02 6.8440E-02 6.8840E-02 6.9686E-02 7.1703E-02 7.4049E-02 7.7531E-02 8.0172E-02 8.3405E-02 8.5244E-02 8.7536E-02 8.9301E-02 9.1989E-02 9.4255E-02 9.6631E-02 9.9308E-02 1.0252E-01 1.0451E-01 1.0624E-01 1.0683E-01 1.0852E-01 1.1122E-01 1.1473E-01 1.1649E-01 1.1914E-01 1.1885E-01 1.2298E-01 1.2632E-01 1.2961E-01 1.3262E-01 1.3504E-01 1.3765E-01 1.4062E-01 1.4453E-01 1.4794E-01 1.4806E-01 1.4895E-01 1.4919E-01 1.5039E-01 1.5232E-01 1.5386E-01 1.5403E-01 1.5428E-01 1.5374E-01 1.5528E-01 1.5781E-01 1.5749E-01 1.5889E-01 1.5897E-01 1.6337E-01 1.6604E-01 1.7074E-01 1.7654E-01 1.8221E-01 1.8675E-01 1.8945E-01
6.4285E-02 6.5409E-02 6.5660E-02 6.6211E-02 6.7517E-02 7.0121E-02 7.2753E-02 7.6128E-02 7.9101E-02 8.1294E-02 8.3353E-02 8.5024E-02 8.6500E-02 8.9144E-02 9.1534E-02 9.4304E-02 9.6781E-02 9.9066E-02 1.0091E-01 1.0251E-01 1.0260E-01 1.0481E-01 1.0794E-01 1.1072E-01 1.1316E-01 1.1362E-01 1.1437E-01 1.1862E-01 1.2193E-01 1.2380E-01 1.2681E-01 1.3039E-01 1.3131E-01 1.3584E-01 1.4094E-01 1.4037E-01 1.4060E-01 1.4099E-01 1.4283E-01 1.4389E-01 1.4524E-01 1.4649E-01 1.4703E-01 1.4588E-01 1.4635E-01 1.4879E-01 1.4971E-01 1.5105E-01 1.5366E-01 1.5607E-01 1.6171E-01 1.6791E-01 1.7306E-01 1.8036E-01 1.8337E-01 1.8843E-01 1.9372E-01
6.2505E-02 6.2427E-02 6.2838E-02 6.4331E-02 6.5631E-02 6.7874E-02 7.1642E-02 7.4736E-02 7.6833E-02 7.8983E-02 8.0274E-02 8.1905E-02 8.4105E-02 8.6184E-02 8.9816E-02 9.1446E-02 9.3091E-02 9.5844E-02 9.7046E-02 9.7966E-02 9.9870E-02 1.0176E-01 1.0399E-01 1.0632E-01 1.0874E-01 1.0826E-01 1.1190E-01 1.1500E-01 1.1815E-01 1.1904E-01 1.2226E-01 1.2449E-01 1.2576E-01 1.3124E-01 1.3392E-01 1.3456E-01 1.3518E-01 1.3462E-01 1.3591E-01 1.3664E-01 1.3794E-01 1.3930E-01 1.4078E-01 1.3875E-01 1.4023E-01 1.4360E-01 1.4502E-01 1.4753E-01 1.5168E-01 1.5606E-01 1.6324E-01 1.7311E-01 1.7840E-01 1.8460E-01 1.9379E-01 2.0544E-01 2.1064E-01
5.9601E-02 5.9701E-02 6.0760E-02 6.2548E-02 6.4292E-02 6.7744E-02 7.0392E-02 7.3345E-02 7.4367E-02 7.6446E-02 7.7873E-02 8.0369E-02 8.1853E-02 8.5100E-02 8.6762E-02 8.8598E-02 9.0927E-02 9.1957E-02 9.3714E-02 9.3668E-02 9.6830E-02 9.8725E-02 1.0144E-01 1.0267E-01 1.0407E-01 1.0385E-01 1.0777E-01 1.1139E-01 1.1272E-01 1.1564E-01 1.1745E-01 1.1881E-01 1.2171E-01 1.2571E-01 1.2711E-01 1.2810E-01 1.2743E-01 1.2851E-01 1.3034E-01 1.3138E-01 1.3106E-01 1.3298E-01 1.3576E-01 1.3507E-01 1.3595E-01 1.3990E-01 1.4722E-01 1.5116E-01 1.5430E-01 1.6300E-01 1.6891E-01 1.7652E-01 1.8084E-01 1.8785E-01 2.0016E-01 2.1514E-01 2.1487E-01
5.6139E-02 5.7739E-02 5.9289E-02 6.1464E-02 6.3572E-02 6.6111E-02 6.8650E-02 7.0238E-02 7.2417E-02 7.4109E-02 7.5804E-02 7.7654E-02 8.0577E-02 8.2494E-02 8.4239E-02 8.5697E-02 8.6723E-02 8.9159E-02 8.8824E-02 9.1030E-02 9.3614E-02 9.5859E-02 9.7501E-02 9.9707E-02 9.9334E-02 1.0184E-01 1.0405E-01 1.0612E-01 1.0828E-01 1.1106E-01 1.1286E-01 1.1521E-01 1.1833E-01 1.2108E-01 1.2163E-01 1.2117E-01 1.2121E-01 1.2320E-01 1.2486E-01 1.2546E-01 1.2530E-01 1.2708E-01 1.3130E-01 1.3587E-01 1.4000E-01 1.4314E-01 1.4786E-01 1.5546E-01 1.6029E-01 1.7045E-01 1.7395E-01 1.7848E-01 1.8607E-01 1.9656E-01 2.1353E-01 2.1474E-01 2.1341E-01
5.4163E-02 5.6012E-02 5.7831E-02 6.0252E-02 6.2932E-02 6.4422E-02 6.6737E-02 6.7879E-02 6.9636E-02 7.1886E-02 7.4089E-02 7.5005E-02 7.7121E-02 7.9670E-02 8.1299E-02 8.2747E-02 8.4600E-02 8.5373E-02 8.5451E-02 8.8285E-02 8.9608E-02 9.2110E-02 9.3856E-02 9.5101E-02 9.5221E-02 9.8411E-02 1.0000E-01 1.0198E-01 1.0400E-01 1.0614E-01 1.0856E-01 1.1063E-01 1.1334E-01 1.1514E-01 1.1460E-01 1.1508E-01 1.1646E-01 1.1875E-01 1.1922E-01 1.1935E-01 1.2098E-01 1.2519E-01 1.2992E-01 1.3654E-01 1.3890E-01 1.4638E-01 1.4962E-01 1.5373E-01 1.6450E-01 1.6978E-01 1.8008E-01 1.8677E-01 1.9350E-01 2.0049E-01 2.0973E-01 2.1819E-01 2.2148E-01
5.2844E-02 5.4905E-02 5.7121E-02 5.9455E-02 6.1486E-02 6.2251E-02 6.3916E-02 6.5835E-02 6.7890E-02 6.9387E-02 7.1466E-02 7.3972E-02 7.5394E-02 7.6930E-02 7.8044E-02 8.0142E-02 8.1113E-02 8.0403E-02 8.3149E-02 8.4593E-02 8.7686E-02 8.9129E-02 9.0324E-02 9.1172E-02 9.2418E-02 9.3964E-02 9.5842E-02 9.7570E-02 1.0026E-01 1.0124E-01 1.0404E-01 1.0603E-01 1.0851E-01 1.0892E-01 1.0945E-01 1.1101E-01 1.1401E-01 1.1517E-01 1.1470E-01 1.1639E-01 1.1909E-01 1.2535E-01 1.2817E-01 1.3390E-01 1.4139E-01 1.4591E-01 1.5249E-01 1.6592E-01 1.7052E-01 1.7820E-01 1.8696E-01 1.9376E-01 2.0118E-01 2.0496E-01 2.1149E-01 2.2481E-01 2.2351E-01
5.1601E-02 5.2901E-02 5.5946E-02 5.7319E-02 5.8263E-02 5.9845E-02 6.1360E-02 6.3256E-02 6.5543E-02 6.7016E-02 6.8941E-02 7.1437E-02 7.3095E-02 7.4184E-02 7.5447E-02 7.6645E-02 7.6737E-02 7.7697E-02 7.9934E-02 8.2510E-02 8.3775E-02 8.5259E-02 8.7579E-02 8.7736E-02 8.9193E-02 9.0168E-02 9.1582E-02 9.4119E-02 9.6512E-02 9.7081E-02 1.0076E-01 1.0140E-01 1.0291E-01 1.0357E-01 1.0449E-01 1.0912E-01 1.1102E-01 1.1070E-01 1.1138E-01 1.1512E-01 1.1599E-01 1.2560E-01 1.2922E-01 1.3271E-01 1.4495E-01 1.5593E-01 1.6458E-01 1.7239E-01 1.7910E-01 1.8637E-01 1.9737E-01 2.0180E-01 2.0323E-01 2.0790E-01 2.1709E-01 2.2124E-01 2.1813E-01
4.9863E-02 5.1559E-02 5.3536E-02 5.4827E-02 5.5982E-02 5.7396E-02 5.9455E-02 6.1122E-02 6.2231E-02 6.4640E-02 6.7819E-02 6.8868E-02 6.9860E-02 7.1447E-02 7.1902E-02 7.2965E-02 7.2885E-02 7.4089E-02 7.7288E-02 7.9442E-02 7.9828E-02 8.2996E-02 8.4598E-02 8.3559E-02 8.4104E-02 8.6413E-02 8.7800E-02 9.0263E-02 9.2548E-02 9.4266E-02 9.5141E-02 9.6182E-02 9.7911E-02 9.9279E-02 1.0217E-01 1.0589E-01 1.0642E-01 1.0926E-01 1.1104E-01 1.1647E-01 1.1815E-01 1.2569E-01 1.2987E-01 1.3899E-01 1.5059E-01 1.6048E-01 1.6951E-01 1.7345E-01 1.7788E-01 1.8387E-01 1.9032E-01 1.9736E-01 1.9771E-01 2.0317E-01 2.1547E-01 2.1772E-01 2.1607E-01
4.7844E-02 4.9750E-02 5.0430E-02 5.1696E-02 5.3908E-02 5.5792E-02 5.7126E-02 5.8286E-02 6.0411E-02 6.1666E-02 6.3164E-02 6.5368E-02 6.7319E-02 6.7984E-02 6.8996E-02 6.9685E-02 7.0344E-02 7.1887E-02 7.4303E-02 7.6346E-02 7.6954E-02 7.8860E-02 7.9864E-02 7.9962E-02 8.0986E-02 8.3136E-02 8.4739E-02 8.6908E-02 8.8517E-02 8.9871E-02 9.1433E-02 9.2653E-02 9.3643E-02 9.6463E-02 9.9079E-02 1.0139E-01 1.0490E-01 1.0634E-01 1.1169E-01 1.1490E-01 1.2070E-01 1.2441E-01 1.3351E-01 1.3972E-01 1.5222E-01 1.6259E-01 1.6944E-01 1.6980E-01 1.7425E-01 1.8383E-01 1.8675E-01 1.8976E-01 1.9388E-01 2.0263E-01 2.0836E-01 2.1448E-01 2.1241E-01
4.5716E-02 4.7495E-02 4.8653E-02 5.0095E-02 5.2100E-02 5.3567E-02 5.4835E-02 5.6347E-02 5.7857E-02 5.9132E-02 6.0787E-02 6.2883E-02 6.3777E-02 6.4887E-02 6.5788E-02 6.6020E-02 6.7311E-02 6.9547E-02 7.1129E-02 7.2224E-02 7.4382E-02 7.5120E-02 7.5407E-02 7.5658E-02 7.7724E-02 7.8797E-02 8.1032E-02 8.3498E-02 8.4266E-02 8.5848E-02 8.7721E-02 8.8853E-02 9.1783E-02 9.4183E-02 9.6287E-02 9.8739E-02 1.0134E-01 1.0459E-01 1.0987E-01 1.1705E-01 1.2250E-01 1.2902E-01 1.3472E-01 1.4573E-01 1.5381E-01 1.6572E-01 1.7127E-01 1.7272E-01 1.7757E-01 1.8219E-01 1.8463E-01 1.8714E-01 1.9120E-01 1.9635E-01 2.0405E-01 2.0797E-01 2.0773E-01
4.4400E-02 4.5479E-02 4.6773E-02 4.8247E-02 5.0030E-02 5.1045E-02 5.2552E-02 5.4462E-02 5.5320E-02 5.6870E-02 5.8876E-02 6.0270E-02 6.1105E-02 6.1930E-02 6.2752E-02 6.3927E-02 6.4491E-02 6.7726E-02 6.8176E-02 6.9605E-02 7.0785E-02 7.1205E-02 7.1766E-02 7.2512E-02 7.4014E-02 7.5982E-02 7.7829E-02 7.9534E-02 8.1557E-02 8.4103E-02 8.5897E-02 8.6546E-02 8.9657E-02 9.1266E-02 9.3398E-02 9.4205E-02 9.7754E-02 1.0310E-01 1.1062E-01 1.1821E-01 1.2322E-01 1.3193E-01 1.3759E-01 1.4460E-01 1.6298E-01 1.6811E-01 1.7116E-01 1.7591E-01 1.7837E-01 1.8266E-01 1.8494E-01 1.8724E-01 1.8627E-01 1.9196E-01 1.9674E-01 2.0150E-01 2.0234E-01
