inst/extdata/rank(176)_odor_1hr_conc.grd
DSAA
         101         101
     737.625     742.625
    5081.125    5086.125
  0.2757E-01  0.1301E+03
[rows 50 to 74 of 101, columns 0 to 56 of 101]
2.1058E-01 2.2346E-01 2.3623E-01 2.4701E-01 2.5830E-01 2.7424E-01 2.8828E-01 3.0793E-01 3.2563E-01 3.4474E-01 3.6265E-01 3.8309E-01 4.0066E-01 4.2232E-01 4.4930E-01 4.8218E-01 5.1367E-01 5.4056E-01 5.7893E-01 6.2142E-01 6.6960E-01 7.0953E-01 7.6961E-01 8.3063E-01 8.9131E-01 9.5202E-01 1.0361E+00 1.1381E+00 1.2412E+00 1.3794E+00 1.4845E+00 1.6520E+00 1.8312E+00 2.0334E+00 2.2526E+00 2.5227E+00 2.8399E+00 3.2435E+00 3.6950E+00 4.2152E+00 4.9000E+00 5.7526E+00 6.9333E+00 8.6521E+00 1.0547E+01 1.3236E+01 1.7311E+01 2.1548E+01 2.4382E+01 2.6190E+01 2.3325E+01 1.7834E+01 1.3589E+01 1.0577E+01 8.4418E+00 6.5923E+00 5.2362E+00
2.0269E-01 2.1369E-01 2.2707E-01 2.3848E-01 2.5018E-01 2.6322E-01 2.8142E-01 2.9847E-01 3.1455E-01 3.3160E-01 3.5293E-01 3.7007E-01 3.8508E-01 4.1201E-01 4.3573E-01 4.7056E-01 4.8795E-01 5.2444E-01 5.6123E-01 5.9705E-01 6.4314E-01 6.9402E-01 7.5481E-01 8.1022E-01 8.8225E-01 9.5205E-01 1.0276E+00 1.1114E+00 1.2046E+00 1.3343E+00 1.4599E+00 1.6411E+00 1.8259E+00 1.9965E+00 2.2188E+00 2.4315E+00 2.7407E+00 3.1103E+00 3.5554E+00 4.0602E+00 4.7082E+00 5.6110E+00 7.0249E+00 8.7328E+00 1.1123E+01 1.4628E+01 2.0019E+01 2.8665E+01 4.1014E+01 4.7687E+01 3.4127E+01 2.2648E+01 1.6260E+01 1.1641E+01 8.7608E+00 6.8619E+00 5.3646E+00
1.9133E-01 2.0154E-01 2.1550E-01 2.3019E-01 2.4060E-01 2.5469E-01 2.6903E-01 2.8549E-01 3.0086E-01 3.1587E-01 3.3576E-01 3.5287E-01 3.7528E-01 4.0058E-01 4.2152E-01 4.4119E-01 4.6200E-01 4.9480E-01 5.3442E-01 5.7698E-01 6.1362E-01 6.5592E-01 6.9952E-01 7.6003E-01 8.1885E-01 8.9059E-01 9.5806E-01 1.0568E+00 1.1597E+00 1.2749E+00 1.3843E+00 1.5415E+00 1.6922E+00 1.8464E+00 2.0637E+00 2.2955E+00 2.6345E+00 2.9571E+00 3.3768E+00 3.7876E+00 4.3698E+00 5.3930E+00 6.6972E+00 8.2992E+00 1.0792E+01 1.4269E+01 2.0553E+01 3.2821E+01 6.5857E+01 1.3012E+02 4.8736E+01 2.4938E+01 1.7042E+01 1.2236E+01 9.1352E+00 7.0528E+00 5.5009E+00
1.8860E-01 2.0040E-01 2.1115E-01 2.1989E-01 2.3283E-01 2.4438E-01 2.5915E-01 2.7797E-01 2.9395E-01 3.0717E-01 3.2177E-01 3.4186E-01 3.6577E-01 3.8688E-01 4.0566E-01 4.2446E-01 4.4390E-01 4.7386E-01 5.0825E-01 5.3772E-01 5.7551E-01 6.1340E-01 6.5472E-01 7.0446E-01 7.6339E-01 8.3153E-01 9.1285E-01 9.8353E-01 1.0808E+00 1.1904E+00 1.3030E+00 1.4471E+00 1.6038E+00 1.7935E+00 1.9951E+00 2.2158E+00 2.4737E+00 2.7395E+00 3.0977E+00 3.5805E+00 4.0975E+00 4.8909E+00 5.9469E+00 7.3657E+00 9.4307E+00 1.2212E+01 1.6717E+01 2.1163E+01 2.4756E+01 4.4384E+01 3.8500E+01 2.3724E+01 1.6506E+01 1.1951E+01 9.1743E+00 7.0224E+00 5.5732E+00
1.7857E-01 1.9042E-01 2.0195E-01 2.0975E-01 2.2177E-01 2.3402E-01 2.4823E-01 2.6852E-01 2.8355E-01 3.0151E-01 3.1838E-01 3.3978E-01 3.5840E-01 3.7147E-01 3.9244E-01 4.1646E-01 4.3833E-01 4.6209E-01 4.9038E-01 5.1833E-01 5.4773E-01 5.8670E-01 6.4220E-01 6.9316E-01 7.5806E-01 8.2043E-01 8.9365E-01 9.7397E-01 1.0393E+00 1.1334E+00 1.2174E+00 1.3346E+00 1.4990E+00 1.6606E+00 1.8206E+00 2.0375E+00 2.1981E+00 2.4916E+00 2.7449E+00 3.0890E+00 3.5270E+00 4.1129E+00 4.9222E+00 6.0775E+00 7.3330E+00 8.8308E+00 1.0686E+01 1.1834E+01 1.3017E+01 1.6919E+01 2.0178E+01 1.8897E+01 1.4347E+01 1.1079E+01 8.6363E+00 6.8056E+00 5.3476E+00
1.7475E-01 1.8335E-01 1.9141E-01 2.0209E-01 2.1477E-01 2.2851E-01 2.4193E-01 2.5539E-01 2.7257E-01 2.8315E-01 3.1006E-01 3.2880E-01 3.4548E-01 3.6192E-01 3.7695E-01 3.9790E-01 4.1953E-01 4.3461E-01 4.6337E-01 4.9104E-01 5.2459E-01 5.5985E-01 6.0342E-01 6.5190E-01 7.0820E-01 7.7008E-01 8.2273E-01 8.7687E-01 9.4607E-01 1.0280E+00 1.1275E+00 1.2401E+00 1.3693E+00 1.4921E+00 1.5898E+00 1.7678E+00 1.9653E+00 2.1144E+00 2.3499E+00 2.6743E+00 3.0479E+00 3.4762E+00 4.0267E+00 4.7916E+00 5.4142E+00 6.0986E+00 7.0522E+00 8.1035E+00 9.8077E+00 1.1350E+01 1.2681E+01 1.2514E+01 1.1058E+01 9.3939E+00 7.6853E+00 6.2641E+00 5.0881E+00
1.6703E-01 1.7691E-01 1.8623E-01 1.9628E-01 2.0711E-01 2.1950E-01 2.3275E-01 2.4515E-01 2.6101E-01 2.7615E-01 2.9948E-01 3.1207E-01 3.3347E-01 3.4305E-01 3.5523E-01 3.7168E-01 3.9715E-01 4.1458E-01 4.4574E-01 4.7781E-01 5.1514E-01 5.5693E-01 5.9289E-01 6.3050E-01 6.7245E-01 7.1137E-01 7.5719E-01 8.1437E-01 8.7288E-01 9.5071E-01 1.0177E+00 1.1026E+00 1.1859E+00 1.2983E+00 1.3975E+00 1.4964E+00 1.5777E+00 1.8435E+00 2.0711E+00 2.2008E+00 2.4504E+00 2.6912E+00 3.1684E+00 3.4677E+00 3.8568E+00 4.4861E+00 5.5015E+00 6.0918E+00 7.3507E+00 8.2337E+00 8.5884E+00 8.9807E+00 8.3762E+00 7.3987E+00 6.5361E+00 5.5140E+00 4.6417E+00
1.6306E-01 1.7283E-01 1.8351E-01 1.9423E-01 2.0140E-01 2.1633E-01 2.2860E-01 2.4328E-01 2.5745E-01 2.7047E-01 2.8673E-01 2.9428E-01 3.1424E-01 3.3057E-01 3.4618E-01 3.6728E-01 3.8677E-01 4.0823E-01 4.3065E-01 4.5404E-01 4.8351E-01 5.2047E-01 5.5661E-01 5.6934E-01 6.2392E-01 6.6586E-01 7.0391E-01 7.5323E-01 8.1107E-01 8.4299E-01 8.9009E-01 9.4086E-01 1.0358E+00 1.0882E+00 1.2114E+00 1.3024E+00 1.4291E+00 1.5870E+00 1.7551E+00 1.8266E+00 2.0308E+00 2.2524E+00 2.3702E+00 2.5531E+00 2.8976E+00 3.5707E+00 3.8497E+00 4.5570E+00 5.5403E+00 5.8511E+00 6.1475E+00 6.4511E+00 6.3294E+00 5.9165E+00 5.2235E+00 4.6190E+00 4.0879E+00
1.6110E-01 1.7120E-01 1.8173E-01 1.9111E-01 2.0071E-01 2.1124E-01 2.2543E-01 2.3720E-01 2.4788E-01 2.6109E-01 2.7210E-01 2.9283E-01 3.0299E-01 3.2029E-01 3.3047E-01 3.5064E-01 3.6688E-01 3.9147E-01 4.1941E-01 4.4617E-01 4.6963E-01 4.9455E-01 5.1499E-01 5.3999E-01 5.8070E-01 6.1900E-01 6.5502E-01 6.8743E-01 7.2083E-01 7.5944E-01 7.9974E-01 8.5147E-01 9.1317E-01 9.9347E-01 1.0825E+00 1.1650E+00 1.2689E+00 1.3365E+00 1.3936E+00 1.5028E+00 1.6790E+00 1.7067E+00 1.8969E+00 2.0312E+00 2.3814E+00 2.4737E+00 2.8859E+00 3.4280E+00 4.0410E+00 4.1957E+00 4.3446E+00 4.7091E+00 4.8597E+00 4.4367E+00 4.2188E+00 3.8001E+00 3.5055E+00
1.5371E-01 1.6344E-01 1.7037E-01 1.8074E-01 1.9045E-01 2.0302E-01 2.1353E-01 2.2497E-01 2.3336E-01 2.4666E-01 2.6310E-01 2.7912E-01 2.9118E-01 3.0112E-01 3.1712E-01 3.3450E-01 3.5391E-01 3.7182E-01 3.9834E-01 4.1190E-01 4.3818E-01 4.5289E-01 4.7708E-01 5.1040E-01 5.3681E-01 5.5534E-01 5.8172E-01 6.1306E-01 6.4354E-01 6.7663E-01 7.0822E-01 7.5328E-01 8.2791E-01 9.0516E-01 9.7957E-01 9.9604E-01 1.0426E+00 1.1346E+00 1.1963E+00 1.3049E+00 1.3186E+00 1.4087E+00 1.5543E+00 1.7228E+00 1.8794E+00 1.9457E+00 2.0660E+00 2.5447E+00 3.0172E+00 3.1209E+00 3.1503E+00 3.3488E+00 3.5201E+00 3.5041E+00 3.3313E+00 3.1343E+00 2.9675E+00
1.4952E-01 1.5863E-01 1.6790E-01 1.7757E-01 1.8753E-01 1.9853E-01 2.0821E-01 2.1714E-01 2.2962E-01 2.4422E-01 2.5245E-01 2.6402E-01 2.7561E-01 2.9261E-01 3.0912E-01 3.2000E-01 3.3692E-01 3.5368E-01 3.6308E-01 3.8114E-01 4.0353E-01 4.2335E-01 4.3977E-01 4.5774E-01 4.7728E-01 4.9907E-01 5.2839E-01 5.4613E-01 5.8966E-01 6.2115E-01 6.6487E-01 7.1378E-01 7.4635E-01 7.7975E-01 8.1121E-01 8.5949E-01 8.9879E-01 9.5958E-01 1.0407E+00 1.0394E+00 1.1204E+00 1.1609E+00 1.2394E+00 1.4302E+00 1.3868E+00 1.5278E+00 1.8492E+00 2.0729E+00 2.2878E+00 2.2803E+00 2.3716E+00 2.6873E+00 2.7721E+00 2.8900E+00 2.6451E+00 2.5931E+00 2.4810E+00
1.4671E-01 1.5582E-01 1.6345E-01 1.7228E-01 1.8413E-01 1.9177E-01 2.0358E-01 2.1241E-01 2.2146E-01 2.3382E-01 2.4196E-01 2.5308E-01 2.6471E-01 2.8357E-01 2.9215E-01 3.0197E-01 3.1439E-01 3.2350E-01 3.3715E-01 3.6309E-01 3.7971E-01 3.9514E-01 3.9934E-01 4.1205E-01 4.3150E-01 4.5518E-01 4.8697E-01 5.1502E-01 5.4571E-01 5.7750E-01 6.0466E-01 6.3269E-01 6.5706E-01 6.9457E-01 7.1315E-01 7.5882E-01 8.2379E-01 8.4919E-01 8.9234E-01 9.3912E-01 9.8540E-01 1.0150E+00 1.1701E+00 1.1037E+00 1.2341E+00 1.3340E+00 1.6285E+00 1.7478E+00 1.8187E+00 1.8134E+00 1.9521E+00 2.1300E+00 2.1863E+00 2.1993E+00 2.2475E+00 2.1422E+00 2.1175E+00
1.3947E-01 1.5042E-01 1.5838E-01 1.6590E-01 1.7352E-01 1.8301E-01 1.9302E-01 2.0176E-01 2.1088E-01 2.1912E-01 2.3266E-01 2.4097E-01 2.4962E-01 2.5910E-01 2.6705E-01 2.7727E-01 2.8844E-01 3.0124E-01 3.1181E-01 3.2456E-01 3.3606E-01 3.4814E-01 3.6685E-01 3.8625E-01 4.0361E-01 4.2338E-01 4.4840E-01 4.6543E-01 4.8706E-01 5.1376E-01 5.4279E-01 5.6889E-01 5.9189E-01 6.2699E-01 6.6760E-01 6.9095E-01 7.0017E-01 7.3717E-01 7.8213E-01 8.4342E-01 8.7806E-01 9.2989E-01 9.4045E-01 1.0012E+00 1.0589E+00 1.1675E+00 1.3983E+00 1.3951E+00 1.4950E+00 1.4932E+00 1.6662E+00 1.6986E+00 1.8091E+00 1.8647E+00 1.9018E+00 1.7808E+00 1.7929E+00
1.3343E-01 1.3910E-01 1.4602E-01 1.5414E-01 1.6510E-01 1.7443E-01 1.8553E-01 1.9229E-01 1.9821E-01 2.0894E-01 2.1715E-01 2.2254E-01 2.3137E-01 2.4045E-01 2.4820E-01 2.5914E-01 2.6894E-01 2.7339E-01 2.9031E-01 2.9974E-01 3.1221E-01 3.2516E-01 3.3924E-01 3.6243E-01 3.7734E-01 3.8620E-01 4.0706E-01 4.2306E-01 4.4913E-01 4.6488E-01 4.7726E-01 5.1243E-01 5.4462E-01 5.6714E-01 5.7928E-01 5.9639E-01 6.2282E-01 6.7043E-01 6.9737E-01 7.3287E-01 7.8220E-01 7.9265E-01 7.9298E-01 8.6989E-01 9.3257E-01 1.0343E+00 1.1464E+00 1.1892E+00 1.2112E+00 1.2765E+00 1.3870E+00 1.4470E+00 1.5953E+00 1.5628E+00 1.5330E+00 1.5844E+00 1.5072E+00
1.2746E-01 1.3352E-01 1.4094E-01 1.4849E-01 1.5550E-01 1.6406E-01 1.7216E-01 1.8008E-01 1.8851E-01 1.9426E-01 2.0233E-01 2.0648E-01 2.1364E-01 2.2639E-01 2.3252E-01 2.4118E-01 2.4874E-01 2.5582E-01 2.6652E-01 2.8376E-01 2.9367E-01 3.0200E-01 3.2203E-01 3.3451E-01 3.5170E-01 3.6070E-01 3.7785E-01 3.8524E-01 4.0584E-01 4.1921E-01 4.5672E-01 4.7500E-01 4.8884E-01 5.0027E-01 5.2296E-01 5.3419E-01 5.7020E-01 6.1046E-01 6.2632E-01 6.5999E-01 6.7610E-01 6.8584E-01 7.1410E-01 7.4923E-01 7.7747E-01 9.0201E-01 1.0189E+00 1.0328E+00 1.0624E+00 1.0925E+00 1.1820E+00 1.1614E+00 1.3724E+00 1.3263E+00 1.3272E+00 1.3280E+00 1.3082E+00
1.2110E-01 1.2866E-01 1.3395E-01 1.3877E-01 1.4722E-01 1.5286E-01 1.6219E-01 1.6877E-01 1.7319E-01 1.8211E-01 1.8748E-01 1.9395E-01 1.9984E-01 2.0391E-01 2.1671E-01 2.2601E-01 2.3639E-01 2.4580E-01 2.5472E-01 2.6219E-01 2.7547E-01 2.8907E-01 3.0327E-01 3.0746E-01 3.1995E-01 3.3049E-01 3.3665E-01 3.6242E-01 3.7824E-01 3.9752E-01 4.2145E-01 4.3112E-01 4.3831E-01 4.6308E-01 4.7001E-01 4.8733E-01 5.1273E-01 5.4934E-01 5.6688E-01 5.8530E-01 6.0373E-01 6.1741E-01 6.4912E-01 6.7239E-01 7.2075E-01 7.8778E-01 8.4155E-01 8.8488E-01 9.3879E-01 9.7333E-01 1.0076E+00 9.9481E-01 1.1091E+00 1.1235E+00 1.1145E+00 1.1327E+00 1.1448E+00
1.1503E-01 1.2272E-01 1.2864E-01 1.3180E-01 1.3892E-01 1.4639E-01 1.5172E-01 1.5632E-01 1.6341E-01 1.7149E-01 1.7656E-01 1.7945E-01 1.8532E-01 1.9670E-01 2.0567E-01 2.1073E-01 2.2193E-01 2.2888E-01 2.3905E-01 2.5128E-01 2.5987E-01 2.6895E-01 2.7522E-01 2.8054E-01 2.9250E-01 3.0620E-01 3.2575E-01 3.4163E-01 3.5375E-01 3.7352E-01 3.8041E-01 3.8248E-01 3.9501E-01 4.1232E-01 4.3398E-01 4.4809E-01 4.8157E-01 4.9315E-01 5.2364E-01 5.0994E-01 5.2872E-01 5.2998E-01 5.8340E-01 6.0292E-01 6.5047E-01 7.0929E-01 7.4572E-01 7.8848E-01 8.1592E-01 8.4576E-01 8.8253E-01 8.9239E-01 9.5322E-01 9.9300E-01 9.7075E-01 9.8267E-01 1.0072E+00
1.1205E-01 1.1610E-01 1.2158E-01 1.2739E-01 1.3233E-01 1.3811E-01 1.4319E-01 1.4675E-01 1.5285E-01 1.5816E-01 1.6467E-01 1.7008E-01 1.7799E-01 1.8699E-01 1.9509E-01 2.0061E-01 2.1100E-01 2.1924E-01 2.2602E-01 2.3383E-01 2.4101E-01 2.4461E-01 2.5328E-01 2.6781E-01 2.7805E-01 2.9053E-01 3.0382E-01 3.1744E-01 3.3441E-01 3.3612E-01 3.3556E-01 3.4032E-01 3.5902E-01 3.8634E-01 3.9424E-01 4.1785E-01 4.3102E-01 4.5402E-01 4.5861E-01 4.5751E-01 4.7953E-01 5.0321E-01 5.1940E-01 5.5255E-01 5.8820E-01 6.4240E-01 6.5828E-01 6.8160E-01 7.1562E-01 7.2782E-01 7.7636E-01 7.8509E-01 8.3488E-01 8.9068E-01 8.7968E-01 8.4042E-01 8.9843E-01
1.0766E-01 1.1321E-01 1.1895E-01 1.2336E-01 1.2689E-01 1.2979E-01 1.3460E-01 1.3967E-01 1.4305E-01 1.4990E-01 1.5950E-01 1.6385E-01 1.6834E-01 1.7199E-01 1.8013E-01 1.8804E-01 1.9331E-01 1.9937E-01 2.0798E-01 2.1958E-01 2.2389E-01 2.3229E-01 2.4045E-01 2.5088E-01 2.6063E-01 2.7056E-01 2.8030E-01 2.9236E-01 2.9654E-01 2.9590E-01 3.0264E-01 3.1272E-01 3.2662E-01 3.4913E-01 3.5664E-01 3.7910E-01 4.0340E-01 4.1204E-01 3.9913E-01 4.2768E-01 4.4392E-01 4.6543E-01 4.9785E-01 5.2089E-01 5.4765E-01 5.7326E-01 6.0079E-01 6.1269E-01 6.3623E-01 6.4014E-01 6.9619E-01 6.9507E-01 7.2762E-01 7.7943E-01 8.0484E-01 7.7139E-01 7.8808E-01
1.0375E-01 1.0796E-01 1.1345E-01 1.1635E-01 1.1902E-01 1.2220E-01 1.2788E-01 1.3218E-01 1.3961E-01 1.4604E-01 1.4596E-01 1.5137E-01 1.5573E-01 1.6391E-01 1.7016E-01 1.7603E-01 1.8470E-01 1.9067E-01 1.9794E-01 2.0596E-01 2.1105E-01 2.2211E-01 2.3097E-01 2.3664E-01 2.4131E-01 2.5348E-01 2.5802E-01 2.6209E-01 2.6822E-01 2.6959E-01 2.7501E-01 2.9433E-01 3.0819E-01 3.2373E-01 3.3092E-01 3.4772E-01 3.6281E-01 3.6578E-01 3.8431E-01 3.8819E-01 4.1172E-01 4.2757E-01 4.5645E-01 4.7857E-01 5.0838E-01 5.3055E-01 5.4107E-01 5.5191E-01 5.6520E-01 5.8476E-01 6.2658E-01 6.1223E-01 6.2925E-01 6.8289E-01 7.0475E-01 6.9977E-01 6.7392E-01
9.8862E-02 1.0296E-01 1.0686E-01 1.1010E-01 1.1305E-01 1.1952E-01 1.2353E-01 1.2768E-01 1.3163E-01 1.3360E-01 1.3784E-01 1.4015E-01 1.4719E-01 1.5458E-01 1.6334E-01 1.6982E-01 1.7306E-01 1.8101E-01 1.8663E-01 1.9314E-01 2.0505E-01 2.1045E-01 2.1332E-01 2.1894E-01 2.2976E-01 2.3094E-01 2.3842E-01 2.3893E-01 2.4241E-01 2.5018E-01 2.6350E-01 2.7455E-01 2.8644E-01 2.9970E-01 3.1066E-01 3.2179E-01 3.3166E-01 3.5013E-01 3.5591E-01 3.6036E-01 3.7655E-01 3.9981E-01 4.2993E-01 4.5255E-01 4.6447E-01 4.8629E-01 4.9435E-01 5.1358E-01 5.2343E-01 5.3310E-01 5.5112E-01 5.5607E-01 5.5470E-01 6.1050E-01 6.1844E-01 6.3707E-01 6.1622E-01
9.2752E-02 9.7177E-02 1.0048E-01 1.0561E-01 1.0919E-01 1.1160E-01 1.1536E-01 1.1788E-01 1.2179E-01 1.2696E-01 1.2994E-01 1.3391E-01 1.3791E-01 1.4644E-01 1.5002E-01 1.5644E-01 1.6306E-01 1.6947E-01 1.7752E-01 1.8671E-01 1.8833E-01 1.9262E-01 2.0131E-01 2.0962E-01 2.1475E-01 2.1676E-01 2.1687E-01 2.2040E-01 2.2493E-01 2.3821E-01 2.5039E-01 2.5478E-01 2.6906E-01 2.7700E-01 2.9063E-01 2.9283E-01 3.0153E-01 3.1868E-01 3.2839E-01 3.4307E-01 3.5840E-01 3.7821E-01 3.9438E-01 4.1168E-01 4.3130E-01 4.3867E-01 4.4430E-01 4.6214E-01 4.6283E-01 4.7254E-01 4.9976E-01 5.0425E-01 5.0548E-01 5.4499E-01 5.7087E-01 5.8005E-01 5.5998E-01
8.9709E-02 9.3877E-02 9.6219E-02 9.9489E-02 1.0138E-01 1.0316E-01 1.0691E-01 1.1132E-01 1.1668E-01 1.2148E-01 1.2538E-01 1.2848E-01 1.3219E-01 1.3743E-01 1.4291E-01 1.4878E-01 1.5567E-01 1.6167E-01 1.6762E-01 1.7138E-01 1.7686E-01 1.8541E-01 1.9125E-01 1.9411E-01 1.9512E-01 1.9721E-01 1.9799E-01 2.0063E-01 2.1190E-01 2.2484E-01 2.3604E-01 2.3781E-01 2.4750E-01 2.5556E-01 2.6578E-01 2.7077E-01 2.8227E-01 2.8925E-01 3.0021E-01 3.2127E-01 3.4051E-01 3.6235E-01 3.7839E-01 3.8442E-01 4.0310E-01 4.0738E-01 4.0459E-01 4.1001E-01 4.2276E-01 4.2803E-01 4.4660E-01 4.6597E-01 4.5765E-01 4.7740E-01 5.0649E-01 5.1737E-01 5.1984E-01
8.4396E-02 8.7159E-02 9.0417E-02 9.2466E-02 9.5024E-02 9.8767E-02 1.0107E-01 1.0729E-01 1.1198E-01 1.1475E-01 1.1857E-01 1.2236E-01 1.2527E-01 1.3034E-01 1.3517E-01 1.4198E-01 1.4599E-01 1.4814E-01 1.5451E-01 1.6071E-01 1.6680E-01 1.7228E-01 1.7869E-01 1.7958E-01 1.8136E-01 1.8100E-01 1.8450E-01 1.9407E-01 2.0626E-01 2.1491E-01 2.1520E-01 2.2639E-01 2.3125E-01 2.4039E-01 2.4305E-01 2.5557E-01 2.5956E-01 2.7202E-01 2.8534E-01 3.0470E-01 3.2429E-01 3.3866E-01 3.5273E-01 3.5803E-01 3.6251E-01 3.6734E-01 3.7429E-01 3.8314E-01 3.9381E-01 4.0345E-01 4.0781E-01 4.2966E-01 4.2382E-01 4.2050E-01 4.5949E-01 4.6538E-01 4.7583E-01
8.0027E-02 8.2108E-02 8.4943E-02 8.8347E-02 9.0243E-02 9.4450E-02 9.5778E-02 1.0096E-01 1.0633E-01 1.0846E-01 1.1195E-01 1.1518E-01 1.1901E-01 1.2379E-01 1.2944E-01 1.3314E-01 1.3568E-01 1.4080E-01 1.4573E-01 1.5103E-01 1.5810E-01 1.5909E-01 1.6379E-01 1.6330E-01 1.6655E-01 1.7244E-01 1.8119E-01 1.9077E-01 1.9218E-01 1.9918E-01 2.0799E-01 2.1057E-01 2.1394E-01 2.1991E-01 2.2660E-01 2.3598E-01 2.4730E-01 2.6201E-01 2.7447E-01 2.8614E-01 3.0614E-01 3.1720E-01 3.2330E-01 3.3209E-01 3.2998E-01 3.4201E-01 3.4818E-01 3.4381E-01 3.5696E-01 3.5932E-01 3.7711E-01 3.9999E-01 3.9867E-01 3.9025E-01 4.1639E-01 4.2797E-01 4.3784E-01
