inst/extdata/rank(0)_odor_8760hr_conc.grd
DSAA
         101         101
     737.625     742.625
    5081.125    5086.125
  0.1659E-02  0.2660E+02
[rows 75 to 99 of 101, columns 0 to 56 of 101]
4.9030E-03 5.1177E-03 5.3331E-03 5.5519E-03 5.7778E-03 6.0005E-03 6.2292E-03 6.4537E-03 6.6830E-03 6.9137E-03 7.1495E-03 7.3937E-03 7.6448E-03 7.8961E-03 8.1560E-03 8.4152E-03 8.6859E-03 8.9692E-03 9.2595E-03 9.5683E-03 9.8862E-03 1.0209E-02 1.0547E-02 1.0906E-02 1.1297E-02 1.1691E-02 1.2113E-02 1.2562E-02 1.3032E-02 1.3534E-02 1.4058E-02 1.4622E-02 1.5208E-02 1.5823E-02 1.6478E-02 1.7150E-02 1.7848E-02 1.8555E-02 1.9281E-02 2.0006E-02 2.0760E-02 2.1533E-02 2.2246E-02 2.2960E-02 2.3657E-02 2.4351E-02 2.5030E-02 2.5678E-02 2.6302E-02 2.6872E-02 2.7392E-02 2.7848E-02 2.8238E-02 2.8540E-02 2.8794E-02 2.8923E-02 2.9111E-02
4.6561E-03 4.8529E-03 5.0569E-03 5.2594E-03 5.4682E-03 5.6765E-03 5.8906E-03 6.1036E-03 6.3163E-03 6.5355E-03 6.7573E-03 6.9854E-03 7.2184E-03 7.4540E-03 7.7003E-03 7.9488E-03 8.2034E-03 8.4733E-03 8.7477E-03 9.0376E-03 9.3382E-03 9.6485E-03 9.9654E-03 1.0306E-02 1.0672E-02 1.1053E-02 1.1452E-02 1.1868E-02 1.2313E-02 1.2780E-02 1.3274E-02 1.3788E-02 1.4339E-02 1.4909E-02 1.5496E-02 1.6105E-02 1.6731E-02 1.7385E-02 1.8020E-02 1.8674E-02 1.9375E-02 2.0041E-02 2.0676E-02 2.1324E-02 2.1939E-02 2.2553E-02 2.3172E-02 2.3762E-02 2.4308E-02 2.4815E-02 2.5287E-02 2.5713E-02 2.6085E-02 2.6363E-02 2.6582E-02 2.6781E-02 2.6930E-02
4.4251E-03 4.6083E-03 4.7940E-03 4.9846E-03 5.1761E-03 5.3727E-03 5.5746E-03 5.7744E-03 5.9775E-03 6.1825E-03 6.3906E-03 6.6045E-03 6.8269E-03 7.0478E-03 7.2767E-03 7.5112E-03 7.7535E-03 8.0103E-03 8.2677E-03 8.5463E-03 8.8318E-03 9.1249E-03 9.4281E-03 9.7492E-03 1.0095E-02 1.0453E-02 1.0834E-02 1.1236E-02 1.1643E-02 1.2082E-02 1.2537E-02 1.3020E-02 1.3521E-02 1.4052E-02 1.4588E-02 1.5148E-02 1.5715E-02 1.6287E-02 1.6867E-02 1.7487E-02 1.8104E-02 1.8678E-02 1.9252E-02 1.9815E-02 2.0373E-02 2.0943E-02 2.1483E-02 2.2015E-02 2.2518E-02 2.2978E-02 2.3415E-02 2.3796E-02 2.4132E-02 2.4398E-02 2.4615E-02 2.4792E-02 2.4950E-02
4.2064E-03 4.3779E-03 4.5513E-03 4.7262E-03 4.9045E-03 5.0897E-03 5.2782E-03 5.4675E-03 5.6584E-03 5.8492E-03 6.0510E-03 6.2505E-03 6.4575E-03 6.6702E-03 6.8890E-03 7.1147E-03 7.3417E-03 7.5803E-03 7.8296E-03 8.0848E-03 8.3591E-03 8.6362E-03 8.9263E-03 9.2341E-03 9.5558E-03 9.9015E-03 1.0261E-02 1.0633E-02 1.1023E-02 1.1425E-02 1.1853E-02 1.2301E-02 1.2761E-02 1.3249E-02 1.3751E-02 1.4251E-02 1.4768E-02 1.5290E-02 1.5814E-02 1.6375E-02 1.6922E-02 1.7447E-02 1.7964E-02 1.8474E-02 1.8981E-02 1.9487E-02 1.9971E-02 2.0452E-02 2.0902E-02 2.1320E-02 2.1720E-02 2.2076E-02 2.2405E-02 2.2647E-02 2.2844E-02 2.3022E-02 2.3162E-02
4.0028E-03 4.1622E-03 4.3231E-03 4.4876E-03 4.6527E-03 4.8259E-03 5.0035E-03 5.1825E-03 5.3642E-03 5.5438E-03 5.7276E-03 5.9210E-03 6.1166E-03 6.3212E-03 6.5289E-03 6.7435E-03 6.9619E-03 7.1896E-03 7.4214E-03 7.6608E-03 7.9162E-03 8.1811E-03 8.4563E-03 8.7482E-03 9.0555E-03 9.3760E-03 9.7075E-03 1.0066E-02 1.0432E-02 1.0813E-02 1.1208E-02 1.1624E-02 1.2058E-02 1.2501E-02 1.2956E-02 1.3415E-02 1.3889E-02 1.4355E-02 1.4849E-02 1.5364E-02 1.5838E-02 1.6312E-02 1.6780E-02 1.7244E-02 1.7712E-02 1.8154E-02 1.8599E-02 1.9037E-02 1.9429E-02 1.9819E-02 2.0186E-02 2.0522E-02 2.0817E-02 2.1064E-02 2.1252E-02 2.1409E-02 2.1552E-02
3.8119E-03 3.9592E-03 4.1093E-03 4.2625E-03 4.4191E-03 4.5802E-03 4.7493E-03 4.9147E-03 5.0852E-03 5.2589E-03 5.4319E-03 5.6144E-03 5.7975E-03 5.9921E-03 6.1913E-03 6.3965E-03 6.6071E-03 6.8207E-03 7.0413E-03 7.2672E-03 7.5038E-03 7.7575E-03 8.0205E-03 8.2954E-03 8.5833E-03 8.8840E-03 9.1940E-03 9.5263E-03 9.8740E-03 1.0233E-02 1.0606E-02 1.0990E-02 1.1391E-02 1.1794E-02 1.2216E-02 1.2634E-02 1.3052E-02 1.3480E-02 1.3960E-02 1.4400E-02 1.4831E-02 1.5262E-02 1.5687E-02 1.6109E-02 1.6525E-02 1.6930E-02 1.7334E-02 1.7714E-02 1.8091E-02 1.8456E-02 1.8795E-02 1.9098E-02 1.9376E-02 1.9605E-02 1.9790E-02 1.9945E-02 2.0071E-02
3.6329E-03 3.7729E-03 3.9124E-03 4.0553E-03 4.2011E-03 4.3515E-03 4.5090E-03 4.6686E-03 4.8263E-03 4.9887E-03 5.1556E-03 5.3273E-03 5.5050E-03 5.6850E-03 5.8756E-03 6.0721E-03 6.2688E-03 6.4747E-03 6.6825E-03 6.9012E-03 7.1280E-03 7.3612E-03 7.6138E-03 7.8708E-03 8.1407E-03 8.4214E-03 8.7185E-03 9.0231E-03 9.3456E-03 9.6831E-03 1.0042E-02 1.0397E-02 1.0754E-02 1.1139E-02 1.1514E-02 1.1893E-02 1.2283E-02 1.2693E-02 1.3110E-02 1.3499E-02 1.3899E-02 1.4284E-02 1.4672E-02 1.5065E-02 1.5429E-02 1.5802E-02 1.6167E-02 1.6532E-02 1.6877E-02 1.7207E-02 1.7514E-02 1.7811E-02 1.8067E-02 1.8277E-02 1.8449E-02 1.8587E-02 1.8699E-02
3.4669E-03 3.5988E-03 3.7289E-03 3.8616E-03 3.9989E-03 4.1415E-03 4.2855E-03 4.4364E-03 4.5883E-03 4.7401E-03 4.9000E-03 5.0614E-03 5.2283E-03 5.4015E-03 5.5797E-03 5.7653E-03 5.9573E-03 6.1505E-03 6.3525E-03 6.5552E-03 6.7717E-03 6.9991E-03 7.2267E-03 7.4706E-03 7.7245E-03 7.9869E-03 8.2634E-03 8.5514E-03 8.8517E-03 9.1610E-03 9.4831E-03 9.8239E-03 1.0170E-02 1.0505E-02 1.0850E-02 1.1211E-02 1.1570E-02 1.1940E-02 1.2309E-02 1.2670E-02 1.3025E-02 1.3383E-02 1.3738E-02 1.4062E-02 1.4413E-02 1.4757E-02 1.5094E-02 1.5441E-02 1.5760E-02 1.6059E-02 1.6344E-02 1.6616E-02 1.6855E-02 1.7059E-02 1.7222E-02 1.7350E-02 1.7457E-02
3.3111E-03 3.4340E-03 3.5587E-03 3.6826E-03 3.8104E-03 3.9422E-03 4.0808E-03 4.2209E-03 4.3632E-03 4.5120E-03 4.6601E-03 4.8125E-03 4.9742E-03 5.1363E-03 5.3047E-03 5.4771E-03 5.6601E-03 5.8457E-03 6.0349E-03 6.2322E-03 6.4395E-03 6.6493E-03 6.8669E-03 7.0953E-03 7.3308E-03 7.5785E-03 7.8364E-03 8.1050E-03 8.3869E-03 8.6762E-03 8.9811E-03 9.2935E-03 9.5982E-03 9.9161E-03 1.0237E-02 1.0554E-02 1.0887E-02 1.1234E-02 1.1562E-02 1.1890E-02 1.2213E-02 1.2542E-02 1.2845E-02 1.3171E-02 1.3477E-02 1.3790E-02 1.4112E-02 1.4426E-02 1.4730E-02 1.5005E-02 1.5274E-02 1.5527E-02 1.5747E-02 1.5934E-02 1.6086E-02 1.6206E-02 1.6309E-02
3.1648E-03 3.2798E-03 3.3950E-03 3.5141E-03 3.6361E-03 3.7585E-03 3.8871E-03 4.0201E-03 4.1571E-03 4.2951E-03 4.4370E-03 4.5823E-03 4.7330E-03 4.8886E-03 5.0486E-03 5.2132E-03 5.3833E-03 5.5596E-03 5.7404E-03 5.9259E-03 6.1208E-03 6.3206E-03 6.5255E-03 6.7412E-03 6.9598E-03 7.1916E-03 7.4335E-03 7.6835E-03 7.9453E-03 8.2208E-03 8.4984E-03 8.7801E-03 9.0710E-03 9.3591E-03 9.6447E-03 9.9357E-03 1.0247E-02 1.0557E-02 1.0857E-02 1.1161E-02 1.1460E-02 1.1740E-02 1.2031E-02 1.2322E-02 1.2616E-02 1.2912E-02 1.3200E-02 1.3487E-02 1.3770E-02 1.4031E-02 1.4280E-02 1.4510E-02 1.4714E-02 1.4886E-02 1.5033E-02 1.5158E-02 1.5258E-02
3.0278E-03 3.1366E-03 3.2458E-03 3.3551E-03 3.4709E-03 3.5899E-03 3.7101E-03 3.8332E-03 3.9627E-03 4.0935E-03 4.2285E-03 4.3649E-03 4.5080E-03 4.6554E-03 4.8076E-03 4.9653E-03 5.1274E-03 5.2940E-03 5.4641E-03 5.6382E-03 5.8182E-03 6.0099E-03 6.2052E-03 6.4069E-03 6.6162E-03 6.8290E-03 7.0527E-03 7.2827E-03 7.5303E-03 7.7809E-03 8.0420E-03 8.3096E-03 8.5675E-03 8.8293E-03 9.0918E-03 9.3631E-03 9.6463E-03 9.9205E-03 1.0203E-02 1.0479E-02 1.0743E-02 1.1008E-02 1.1284E-02 1.1543E-02 1.1816E-02 1.2088E-02 1.2368E-02 1.2629E-02 1.2886E-02 1.3136E-02 1.3366E-02 1.3575E-02 1.3766E-02 1.3938E-02 1.4080E-02 1.4196E-02 1.4291E-02
2.8975E-03 3.0012E-03 3.1046E-03 3.2110E-03 3.3179E-03 3.4308E-03 3.5456E-03 3.6595E-03 3.7823E-03 3.9051E-03 4.0316E-03 4.1592E-03 4.2936E-03 4.4349E-03 4.5790E-03 4.7289E-03 4.8879E-03 5.0416E-03 5.1991E-03 5.3625E-03 5.5333E-03 5.7131E-03 5.8971E-03 6.0884E-03 6.2870E-03 6.4868E-03 6.6925E-03 6.9102E-03 7.1300E-03 7.3679E-03 7.6101E-03 7.8482E-03 8.0846E-03 8.3264E-03 8.5693E-03 8.8259E-03 9.0810E-03 9.3312E-03 9.5888E-03 9.8330E-03 1.0079E-02 1.0330E-02 1.0570E-02 1.0822E-02 1.1076E-02 1.1328E-02 1.1585E-02 1.1833E-02 1.2073E-02 1.2297E-02 1.2516E-02 1.2720E-02 1.2900E-02 1.3045E-02 1.3182E-02 1.3299E-02 1.3394E-02
2.7754E-03 2.8723E-03 2.9719E-03 3.0729E-03 3.1762E-03 3.2800E-03 3.3882E-03 3.4990E-03 3.6094E-03 3.7274E-03 3.8446E-03 3.9656E-03 4.0931E-03 4.2253E-03 4.3632E-03 4.5044E-03 4.6555E-03 4.8053E-03 4.9505E-03 5.1048E-03 5.2633E-03 5.4297E-03 5.6059E-03 5.7823E-03 5.9676E-03 6.1587E-03 6.3504E-03 6.5481E-03 6.7640E-03 6.9745E-03 7.1909E-03 7.4117E-03 7.6304E-03 7.8529E-03 8.0787E-03 8.3181E-03 8.5514E-03 8.7825E-03 9.0081E-03 9.2319E-03 9.4669E-03 9.6843E-03 9.9188E-03 1.0152E-02 1.0381E-02 1.0616E-02 1.0848E-02 1.1079E-02 1.1303E-02 1.1525E-02 1.1725E-02 1.1913E-02 1.2081E-02 1.2234E-02 1.2362E-02 1.2473E-02 1.2563E-02
2.6597E-03 2.7528E-03 2.8459E-03 2.9418E-03 3.0424E-03 3.1412E-03 3.2404E-03 3.3444E-03 3.4514E-03 3.5618E-03 3.6704E-03 3.7847E-03 3.9046E-03 4.0299E-03 4.1592E-03 4.2935E-03 4.4316E-03 4.5755E-03 4.7166E-03 4.8605E-03 5.0100E-03 5.1622E-03 5.3275E-03 5.4974E-03 5.6700E-03 5.8437E-03 6.0232E-03 6.2159E-03 6.4037E-03 6.5975E-03 6.7939E-03 6.9980E-03 7.2026E-03 7.4067E-03 7.6212E-03 7.8368E-03 8.0526E-03 8.2599E-03 8.4651E-03 8.6781E-03 8.8756E-03 9.0875E-03 9.3050E-03 9.5239E-03 9.7406E-03 9.9596E-03 1.0178E-02 1.0393E-02 1.0600E-02 1.0796E-02 1.0989E-02 1.1169E-02 1.1325E-02 1.1470E-02 1.1592E-02 1.1695E-02 1.1780E-02
2.5519E-03 2.6394E-03 2.7282E-03 2.8188E-03 2.9127E-03 3.0095E-03 3.1036E-03 3.1993E-03 3.3003E-03 3.4041E-03 3.5074E-03 3.6143E-03 3.7271E-03 3.8451E-03 3.9671E-03 4.0919E-03 4.2220E-03 4.3582E-03 4.4936E-03 4.6359E-03 4.7718E-03 4.9132E-03 5.0664E-03 5.2258E-03 5.3855E-03 5.5533E-03 5.7203E-03 5.8914E-03 6.0679E-03 6.2442E-03 6.4222E-03 6.6046E-03 6.7941E-03 6.9874E-03 7.1884E-03 7.3854E-03 7.5783E-03 7.7647E-03 7.9578E-03 8.1420E-03 8.3332E-03 8.5373E-03 8.7387E-03 8.9419E-03 9.1437E-03 9.3492E-03 9.5513E-03 9.7517E-03 9.9455E-03 1.0128E-02 1.0305E-02 1.0466E-02 1.0619E-02 1.0752E-02 1.0868E-02 1.0971E-02 1.1058E-02
2.4486E-03 2.5308E-03 2.6160E-03 2.7034E-03 2.7906E-03 2.8803E-03 2.9734E-03 3.0636E-03 3.1562E-03 3.2555E-03 3.3572E-03 3.4558E-03 3.5606E-03 3.6696E-03 3.7839E-03 3.9013E-03 4.0234E-03 4.1503E-03 4.2815E-03 4.4129E-03 4.5501E-03 4.6817E-03 4.8192E-03 4.9667E-03 5.1199E-03 5.2743E-03 5.4296E-03 5.5857E-03 5.7461E-03 5.9108E-03 6.0722E-03 6.2417E-03 6.4166E-03 6.5925E-03 6.7777E-03 6.9576E-03 7.1281E-03 7.3060E-03 7.4752E-03 7.6547E-03 7.8382E-03 8.0208E-03 8.2086E-03 8.3967E-03 8.5849E-03 8.7792E-03 8.9648E-03 9.1447E-03 9.3270E-03 9.4980E-03 9.6614E-03 9.8137E-03 9.9536E-03 1.0080E-02 1.0195E-02 1.0292E-02 1.0375E-02
2.3518E-03 2.4277E-03 2.5084E-03 2.5911E-03 2.6744E-03 2.7597E-03 2.8478E-03 2.9361E-03 3.0237E-03 3.1135E-03 3.2081E-03 3.3069E-03 3.4031E-03 3.5046E-03 3.6107E-03 3.7196E-03 3.8349E-03 3.9530E-03 4.0765E-03 4.2011E-03 4.3295E-03 4.4619E-03 4.5863E-03 4.7236E-03 4.8650E-03 5.0039E-03 5.1481E-03 5.2960E-03 5.4413E-03 5.5923E-03 5.7462E-03 5.8989E-03 6.0580E-03 6.2238E-03 6.3858E-03 6.5458E-03 6.7107E-03 6.8702E-03 7.0299E-03 7.1979E-03 7.3715E-03 7.5495E-03 7.7148E-03 7.8887E-03 8.0668E-03 8.2421E-03 8.4147E-03 8.5896E-03 8.7579E-03 8.9175E-03 9.0674E-03 9.2102E-03 9.3404E-03 9.4535E-03 9.5585E-03 9.6584E-03 9.7383E-03
2.2610E-03 2.3326E-03 2.4059E-03 2.4841E-03 2.5638E-03 2.6444E-03 2.7264E-03 2.8110E-03 2.8971E-03 2.9834E-03 3.0676E-03 3.1606E-03 3.2554E-03 3.3477E-03 3.4466E-03 3.5483E-03 3.6534E-03 3.7677E-03 3.8822E-03 4.0008E-03 4.1215E-03 4.2458E-03 4.3723E-03 4.4928E-03 4.6199E-03 4.7497E-03 4.8853E-03 5.0202E-03 5.1576E-03 5.2958E-03 5.4367E-03 5.5790E-03 5.7253E-03 5.8806E-03 6.0186E-03 6.1685E-03 6.3181E-03 6.4621E-03 6.6179E-03 6.7729E-03 6.9311E-03 7.0910E-03 7.2515E-03 7.4161E-03 7.5795E-03 7.7436E-03 7.9075E-03 8.0652E-03 8.2217E-03 8.3696E-03 8.5068E-03 8.6392E-03 8.7640E-03 8.8771E-03 8.9818E-03 9.0590E-03 9.1278E-03
2.1718E-03 2.2396E-03 2.3102E-03 2.3833E-03 2.4592E-03 2.5355E-03 2.6119E-03 2.6920E-03 2.7747E-03 2.8576E-03 2.9383E-03 3.0208E-03 3.1123E-03 3.2038E-03 3.2920E-03 3.3874E-03 3.4841E-03 3.5883E-03 3.6968E-03 3.8076E-03 3.9214E-03 4.0373E-03 4.1573E-03 4.2749E-03 4.3890E-03 4.5092E-03 4.6328E-03 4.7603E-03 4.8856E-03 5.0136E-03 5.1430E-03 5.2753E-03 5.4136E-03 5.5477E-03 5.6777E-03 5.8145E-03 5.9465E-03 6.0874E-03 6.2307E-03 6.3744E-03 6.5219E-03 6.6645E-03 6.8141E-03 6.9649E-03 7.1162E-03 7.2722E-03 7.4235E-03 7.5719E-03 7.7148E-03 7.8494E-03 7.9840E-03 8.1076E-03 8.2244E-03 8.3302E-03 8.4193E-03 8.4979E-03 8.5729E-03
2.0869E-03 2.1520E-03 2.2189E-03 2.2877E-03 2.3584E-03 2.4306E-03 2.5056E-03 2.5802E-03 2.6575E-03 2.7360E-03 2.8164E-03 2.8929E-03 2.9742E-03 3.0634E-03 3.1504E-03 3.2357E-03 3.3254E-03 3.4210E-03 3.5219E-03 3.6266E-03 3.7315E-03 3.8406E-03 3.9519E-03 4.0617E-03 4.1724E-03 4.2809E-03 4.3937E-03 4.5087E-03 4.6274E-03 4.7459E-03 4.8684E-03 4.9917E-03 5.1148E-03 5.2365E-03 5.3620E-03 5.4773E-03 5.6052E-03 5.7355E-03 5.8658E-03 5.9997E-03 6.1342E-03 6.2703E-03 6.4121E-03 6.5508E-03 6.6903E-03 6.8306E-03 6.9686E-03 7.1122E-03 7.2403E-03 7.3702E-03 7.4913E-03 7.6015E-03 7.7075E-03 7.8071E-03 7.8984E-03 7.9813E-03 8.0493E-03
2.0074E-03 2.0669E-03 2.1311E-03 2.1961E-03 2.2645E-03 2.3329E-03 2.4025E-03 2.4733E-03 2.5440E-03 2.6181E-03 2.6953E-03 2.7726E-03 2.8458E-03 2.9267E-03 3.0113E-03 3.0956E-03 3.1755E-03 3.2641E-03 3.3572E-03 3.4551E-03 3.5534E-03 3.6537E-03 3.7542E-03 3.8570E-03 3.9614E-03 4.0648E-03 4.1693E-03 4.2762E-03 4.3848E-03 4.4941E-03 4.6045E-03 4.7230E-03 4.8344E-03 4.9464E-03 5.0571E-03 5.1630E-03 5.2844E-03 5.4055E-03 5.5265E-03 5.6457E-03 5.7697E-03 5.8988E-03 6.0271E-03 6.1582E-03 6.2951E-03 6.4189E-03 6.5509E-03 6.6769E-03 6.7967E-03 6.9159E-03 7.0309E-03 7.1360E-03 7.2391E-03 7.3301E-03 7.4139E-03 7.4916E-03 7.5619E-03
1.9304E-03 1.9876E-03 2.0460E-03 2.1088E-03 2.1744E-03 2.2381E-03 2.3029E-03 2.3695E-03 2.4379E-03 2.5066E-03 2.5776E-03 2.6515E-03 2.7272E-03 2.7987E-03 2.8771E-03 2.9571E-03 3.0388E-03 3.1166E-03 3.2006E-03 3.2910E-03 3.3838E-03 3.4763E-03 3.5719E-03 3.6680E-03 3.7622E-03 3.8576E-03 3.9570E-03 4.0529E-03 4.1535E-03 4.2552E-03 4.3611E-03 4.4634E-03 4.5677E-03 4.6666E-03 4.7708E-03 4.8718E-03 4.9798E-03 5.0911E-03 5.2075E-03 5.3192E-03 5.4352E-03 5.5568E-03 5.6721E-03 5.7946E-03 5.9153E-03 6.0399E-03 6.1541E-03 6.2658E-03 6.3768E-03 6.4888E-03 6.5970E-03 6.7015E-03 6.7957E-03 6.8852E-03 6.9549E-03 7.0181E-03 7.0789E-03
1.8573E-03 1.9118E-03 1.9674E-03 2.0243E-03 2.0854E-03 2.1458E-03 2.2081E-03 2.2724E-03 2.3357E-03 2.4002E-03 2.4680E-03 2.5360E-03 2.6080E-03 2.6806E-03 2.7519E-03 2.8248E-03 2.9018E-03 2.9815E-03 3.0551E-03 3.1346E-03 3.2222E-03 3.3097E-03 3.3972E-03 3.4868E-03 3.5761E-03 3.6635E-03 3.7526E-03 3.8463E-03 3.9338E-03 4.0276E-03 4.1221E-03 4.2162E-03 4.3118E-03 4.4064E-03 4.5053E-03 4.6002E-03 4.6983E-03 4.8033E-03 4.9073E-03 5.0118E-03 5.1208E-03 5.2303E-03 5.3426E-03 5.4560E-03 5.5660E-03 5.6779E-03 5.7877E-03 5.8899E-03 5.9920E-03 6.0979E-03 6.1970E-03 6.2879E-03 6.3736E-03 6.4534E-03 6.5201E-03 6.5859E-03 6.6415E-03
1.7886E-03 1.8405E-03 1.8920E-03 1.9458E-03 2.0013E-03 2.0583E-03 2.1172E-03 2.1765E-03 2.2377E-03 2.2978E-03 2.3604E-03 2.4268E-03 2.4936E-03 2.5640E-03 2.6323E-03 2.6998E-03 2.7697E-03 2.8442E-03 2.9190E-03 2.9913E-03 3.0690E-03 3.1508E-03 3.2342E-03 3.3166E-03 3.3983E-03 3.4823E-03 3.5643E-03 3.6455E-03 3.7317E-03 3.8138E-03 3.8984E-03 3.9841E-03 4.0753E-03 4.1646E-03 4.2602E-03 4.3509E-03 4.4394E-03 4.5349E-03 4.6257E-03 4.7254E-03 4.8281E-03 4.9263E-03 5.0302E-03 5.1326E-03 5.2364E-03 5.3368E-03 5.4347E-03 5.5366E-03 5.6345E-03 5.7251E-03 5.8233E-03 5.9009E-03 5.9823E-03 6.0572E-03 6.1244E-03 6.1813E-03 6.2279E-03
1.7227E-03 1.7708E-03 1.8203E-03 1.8698E-03 1.9216E-03 1.9758E-03 2.0307E-03 2.0867E-03 2.1446E-03 2.2018E-03 2.2594E-03 2.3217E-03 2.3850E-03 2.4494E-03 2.5139E-03 2.5822E-03 2.6460E-03 2.7120E-03 2.7842E-03 2.8554E-03 2.9239E-03 3.0004E-03 3.0764E-03 3.1540E-03 3.2283E-03 3.3047E-03 3.3841E-03 3.4600E-03 3.5352E-03 3.6140E-03 3.6909E-03 3.7757E-03 3.8528E-03 3.9384E-03 4.0245E-03 4.1112E-03 4.1916E-03 4.2805E-03 4.3686E-03 4.4568E-03 4.5500E-03 4.6443E-03 4.7382E-03 4.8343E-03 4.9291E-03 5.0234E-03 5.1144E-03 5.2029E-03 5.2963E-03 5.3801E-03 5.4662E-03 5.5438E-03 5.6171E-03 5.6884E-03 5.7425E-03 5.7992E-03 5.8452E-03
