inst/extdata/rank(88)_nox_1hr_conc.grd
DSAA
         101         101
     735.634     740.634
    5071.041    5076.041
  0.5616E-01  0.1057E+02
[rows 0 to 24 of 101, columns 0 to 56 of 101]
3.0933E-01 3.1791E-01 3.2220E-01 3.3026E-01 3.3594E-01 3.4459E-01 3.4315E-01 3.3500E-01 3.2938E-01 3.3111E-01 3.2958E-01 3.2841E-01 3.2845E-01 3.3292E-01 3.3605E-01 3.3747E-01 3.4148E-01 3.4615E-01 3.3830E-01 3.4281E-01 3.4038E-01 3.3896E-01 3.4369E-01 3.5048E-01 3.4782E-01 3.4288E-01 3.4106E-01 3.1977E-01 3.0641E-01 3.0977E-01 3.1469E-01 3.0050E-01 2.8539E-01 2.8012E-01 2.8917E-01 2.7604E-01 2.8365E-01 2.7496E-01 2.6469E-01 2.7057E-01 2.6962E-01 2.6692E-01 2.6812E-01 2.5809E-01 2.5251E-01 2.5322E-01 2.3175E-01 2.3215E-01 2.2321E-01 2.1191E-01 2.0769E-01 2.1557E-01 2.1111E-01 2.0334E-01 2.0407E-01 1.9926E-01 2.0203E-01
3.1344E-01 3.3051E-01 3.3858E-01 3.4009E-01 3.4970E-01 3.5487E-01 3.6413E-01 3.5680E-01 3.5073E-01 3.4895E-01 3.4702E-01 3.4066E-01 3.4254E-01 3.4571E-01 3.5711E-01 3.5499E-01 3.5312E-01 3.6541E-01 3.5794E-01 3.5020E-01 3.6085E-01 3.5414E-01 3.5829E-01 3.6429E-01 3.6675E-01 3.6513E-01 3.6187E-01 3.4606E-01 3.2940E-01 3.2242E-01 3.3203E-01 3.2141E-01 3.0133E-01 2.9444E-01 3.0480E-01 2.9383E-01 2.9877E-01 2.8644E-01 2.8547E-01 2.8228E-01 2.7530E-01 2.8012E-01 2.8012E-01 2.6959E-01 2.6770E-01 2.6583E-01 2.4600E-01 2.4324E-01 2.3395E-01 2.2461E-01 2.1988E-01 2.2843E-01 2.2193E-01 2.1238E-01 2.1242E-01 2.1317E-01 2.1487E-01
3.2485E-01 3.3707E-01 3.4684E-01 3.5600E-01 3.5606E-01 3.6641E-01 3.7246E-01 3.8120E-01 3.7199E-01 3.6483E-01 3.5931E-01 3.6123E-01 3.6029E-01 3.6122E-01 3.6591E-01 3.7433E-01 3.7158E-01 3.7394E-01 3.7548E-01 3.6824E-01 3.7348E-01 3.7801E-01 3.7736E-01 3.7570E-01 3.8568E-01 3.8245E-01 3.7589E-01 3.7337E-01 3.5201E-01 3.3902E-01 3.4027E-01 3.4406E-01 3.1917E-01 3.1004E-01 3.0812E-01 3.0547E-01 3.0659E-01 3.0746E-01 2.9830E-01 2.9463E-01 2.9255E-01 2.8811E-01 2.8716E-01 2.8442E-01 2.8092E-01 2.8174E-01 2.6498E-01 2.5523E-01 2.4585E-01 2.3634E-01 2.3207E-01 2.3269E-01 2.3252E-01 2.2265E-01 2.2321E-01 2.2233E-01 2.2615E-01
3.3286E-01 3.4479E-01 3.5468E-01 3.6384E-01 3.7406E-01 3.7489E-01 3.8421E-01 3.8655E-01 3.9429E-01 3.8489E-01 3.7458E-01 3.7372E-01 3.7321E-01 3.6967E-01 3.7595E-01 3.8058E-01 3.9056E-01 3.8374E-01 3.8999E-01 3.8758E-01 3.8265E-01 3.9069E-01 3.9067E-01 3.9644E-01 3.9813E-01 3.9835E-01 3.9604E-01 3.9484E-01 3.7309E-01 3.5906E-01 3.5379E-01 3.5618E-01 3.4739E-01 3.2863E-01 3.2814E-01 3.1978E-01 3.2592E-01 3.2668E-01 3.1851E-01 3.0657E-01 3.0801E-01 3.0224E-01 3.0794E-01 2.9576E-01 2.9463E-01 2.9327E-01 2.7886E-01 2.6386E-01 2.6075E-01 2.4568E-01 2.4175E-01 2.4486E-01 2.3990E-01 2.3104E-01 2.3003E-01 2.3142E-01 2.3604E-01
3.4296E-01 3.5882E-01 3.6270E-01 3.7205E-01 3.8038E-01 3.8655E-01 3.9120E-01 3.9708E-01 4.0025E-01 4.0487E-01 3.9897E-01 3.8937E-01 3.8401E-01 3.8241E-01 3.8446E-01 3.8829E-01 4.0069E-01 3.9930E-01 4.0114E-01 4.0290E-01 3.9599E-01 4.0931E-01 4.0523E-01 4.0775E-01 4.0108E-01 4.1970E-01 4.0944E-01 4.1380E-01 4.0062E-01 3.7483E-01 3.6793E-01 3.7036E-01 3.6675E-01 3.4085E-01 3.3810E-01 3.3788E-01 3.3842E-01 3.3740E-01 3.3627E-01 3.2225E-01 3.1934E-01 3.1777E-01 3.1558E-01 3.1270E-01 3.0913E-01 3.0546E-01 2.9305E-01 2.7702E-01 2.6884E-01 2.5613E-01 2.4756E-01 2.5429E-01 2.4854E-01 2.4315E-01 2.3972E-01 2.4339E-01 2.4946E-01
3.5634E-01 3.6667E-01 3.7807E-01 3.7978E-01 3.8733E-01 3.9731E-01 4.0223E-01 4.0778E-01 4.1586E-01 4.1976E-01 4.2047E-01 4.0966E-01 3.9821E-01 3.9606E-01 3.9252E-01 3.9875E-01 4.1011E-01 4.1834E-01 4.1056E-01 4.1320E-01 4.1089E-01 4.1700E-01 4.2546E-01 4.1667E-01 4.2244E-01 4.2845E-01 4.2693E-01 4.2975E-01 4.2151E-01 4.0400E-01 3.8712E-01 3.8346E-01 3.8211E-01 3.6609E-01 3.5632E-01 3.5370E-01 3.4806E-01 3.4944E-01 3.4458E-01 3.3228E-01 3.2979E-01 3.2805E-01 3.2846E-01 3.2650E-01 3.1976E-01 3.2097E-01 3.0794E-01 2.9395E-01 2.8234E-01 2.7023E-01 2.6081E-01 2.6312E-01 2.5397E-01 2.4846E-01 2.4892E-01 2.5328E-01 2.6576E-01
3.6782E-01 3.8027E-01 3.8501E-01 3.9482E-01 3.9622E-01 4.0198E-01 4.1240E-01 4.1465E-01 4.1767E-01 4.2894E-01 4.3464E-01 4.2448E-01 4.1737E-01 4.1343E-01 4.1045E-01 4.1202E-01 4.1702E-01 4.3132E-01 4.3228E-01 4.2628E-01 4.2554E-01 4.2703E-01 4.3309E-01 4.3832E-01 4.3538E-01 4.3789E-01 4.4321E-01 4.3795E-01 4.4440E-01 4.3092E-01 4.0469E-01 4.0075E-01 4.0662E-01 3.9022E-01 3.7006E-01 3.6348E-01 3.6438E-01 3.6199E-01 3.6198E-01 3.5001E-01 3.4625E-01 3.3775E-01 3.4016E-01 3.3783E-01 3.3554E-01 3.3097E-01 3.1892E-01 3.1005E-01 2.9667E-01 2.7904E-01 2.7211E-01 2.7476E-01 2.6558E-01 2.5682E-01 2.5531E-01 2.5848E-01 2.7730E-01
3.7887E-01 3.8874E-01 3.9801E-01 4.0260E-01 4.1041E-01 4.1883E-01 4.2077E-01 4.2490E-01 4.2894E-01 4.3279E-01 4.3494E-01 4.3779E-01 4.3311E-01 4.1993E-01 4.2247E-01 4.2959E-01 4.2825E-01 4.3237E-01 4.4279E-01 4.3916E-01 4.3777E-01 4.3976E-01 4.4238E-01 4.4671E-01 4.4837E-01 4.5202E-01 4.5474E-01 4.5520E-01 4.5930E-01 4.5240E-01 4.3618E-01 4.2146E-01 4.1115E-01 4.1821E-01 3.8888E-01 3.7798E-01 3.7799E-01 3.7563E-01 3.7333E-01 3.6211E-01 3.5132E-01 3.5291E-01 3.5455E-01 3.4917E-01 3.4843E-01 3.4933E-01 3.3713E-01 3.2614E-01 3.1223E-01 2.8944E-01 2.8644E-01 2.8767E-01 2.8132E-01 2.7038E-01 2.6406E-01 2.7216E-01 2.9141E-01
3.8650E-01 3.9751E-01 4.1015E-01 4.1355E-01 4.1886E-01 4.2423E-01 4.3155E-01 4.3695E-01 4.4023E-01 4.4135E-01 4.4112E-01 4.4547E-01 4.4552E-01 4.3934E-01 4.3086E-01 4.3709E-01 4.4300E-01 4.4051E-01 4.4823E-01 4.5866E-01 4.5382E-01 4.5474E-01 4.5226E-01 4.5548E-01 4.7111E-01 4.5998E-01 4.6808E-01 4.7384E-01 4.8093E-01 4.7607E-01 4.6062E-01 4.3243E-01 4.3424E-01 4.3661E-01 4.1402E-01 3.9781E-01 4.0030E-01 3.8522E-01 3.8322E-01 3.8077E-01 3.6923E-01 3.6380E-01 3.7259E-01 3.6727E-01 3.6124E-01 3.6874E-01 3.5384E-01 3.4325E-01 3.1857E-01 3.0340E-01 3.0138E-01 2.9710E-01 2.9565E-01 2.8174E-01 2.7771E-01 2.8678E-01 3.0721E-01
3.9552E-01 4.0462E-01 4.1444E-01 4.2603E-01 4.2927E-01 4.2972E-01 4.4224E-01 4.5090E-01 4.5247E-01 4.6045E-01 4.5471E-01 4.5464E-01 4.5358E-01 4.5550E-01 4.5531E-01 4.4719E-01 4.4849E-01 4.5777E-01 4.5572E-01 4.7130E-01 4.6982E-01 4.7208E-01 4.7462E-01 4.6855E-01 4.7403E-01 4.8204E-01 4.7815E-01 4.8178E-01 4.8630E-01 4.9809E-01 4.8673E-01 4.6687E-01 4.5287E-01 4.5205E-01 4.4169E-01 4.2199E-01 4.0688E-01 4.0659E-01 4.0035E-01 3.8920E-01 3.8398E-01 3.7948E-01 3.8765E-01 3.7793E-01 3.7335E-01 3.8063E-01 3.7272E-01 3.6127E-01 3.3206E-01 3.1815E-01 3.1429E-01 3.0655E-01 3.1002E-01 3.0593E-01 2.9357E-01 2.9701E-01 3.1691E-01
4.0240E-01 4.1560E-01 4.2431E-01 4.3401E-01 4.4074E-01 4.4533E-01 4.4738E-01 4.5584E-01 4.6082E-01 4.6445E-01 4.7654E-01 4.6684E-01 4.6117E-01 4.6534E-01 4.6659E-01 4.6292E-01 4.6848E-01 4.7027E-01 4.6633E-01 4.7588E-01 4.8592E-01 4.9064E-01 4.9154E-01 4.8294E-01 4.8317E-01 4.9438E-01 4.8840E-01 5.0041E-01 5.0187E-01 5.1799E-01 5.1378E-01 4.8987E-01 4.7317E-01 4.6782E-01 4.6594E-01 4.3540E-01 4.2194E-01 4.2748E-01 4.1060E-01 4.1159E-01 4.0270E-01 3.9392E-01 4.0063E-01 4.0223E-01 3.8875E-01 3.9187E-01 3.9064E-01 3.7728E-01 3.4733E-01 3.3501E-01 3.2493E-01 3.2017E-01 3.2002E-01 3.1137E-01 3.0069E-01 3.1006E-01 3.3070E-01
4.1660E-01 4.2455E-01 4.3162E-01 4.3480E-01 4.4447E-01 4.5390E-01 4.6207E-01 4.6087E-01 4.6851E-01 4.7276E-01 4.7972E-01 4.8728E-01 4.8112E-01 4.7654E-01 4.8232E-01 4.7844E-01 4.7464E-01 4.7843E-01 4.8254E-01 4.8011E-01 4.9608E-01 4.9728E-01 4.9867E-01 4.9768E-01 4.8955E-01 5.0450E-01 5.1117E-01 5.1183E-01 5.1253E-01 5.2228E-01 5.3439E-01 5.2221E-01 5.0291E-01 4.8203E-01 4.9154E-01 4.7164E-01 4.4873E-01 4.4990E-01 4.3501E-01 4.3377E-01 4.2071E-01 4.1620E-01 4.1760E-01 4.1779E-01 4.0852E-01 4.1398E-01 4.0937E-01 3.9042E-01 3.6837E-01 3.4948E-01 3.3724E-01 3.3287E-01 3.3301E-01 3.2167E-01 3.2325E-01 3.2238E-01 3.4603E-01
4.2526E-01 4.3721E-01 4.4789E-01 4.4945E-01 4.5297E-01 4.6221E-01 4.7475E-01 4.7773E-01 4.7896E-01 4.8559E-01 4.8340E-01 4.9882E-01 5.0056E-01 5.0127E-01 4.9143E-01 4.9600E-01 4.9209E-01 4.9152E-01 4.9562E-01 4.9873E-01 5.0291E-01 5.1310E-01 5.1035E-01 5.1681E-01 5.0866E-01 5.0886E-01 5.2005E-01 5.3039E-01 5.2832E-01 5.2913E-01 5.5341E-01 5.4716E-01 5.2578E-01 5.1188E-01 4.9803E-01 4.9542E-01 4.8362E-01 4.5082E-01 4.6075E-01 4.4863E-01 4.3795E-01 4.3302E-01 4.2356E-01 4.3667E-01 4.2923E-01 4.3232E-01 4.2917E-01 4.0754E-01 3.8814E-01 3.6314E-01 3.4811E-01 3.4610E-01 3.4830E-01 3.3778E-01 3.3194E-01 3.4029E-01 3.5907E-01
4.3345E-01 4.4320E-01 4.5703E-01 4.6387E-01 4.7647E-01 4.7239E-01 4.8223E-01 4.8744E-01 4.8859E-01 4.9122E-01 4.9485E-01 5.0450E-01 5.1820E-01 5.1404E-01 5.1695E-01 5.1214E-01 5.1335E-01 5.0280E-01 5.0526E-01 5.1129E-01 5.1480E-01 5.1257E-01 5.3019E-01 5.2844E-01 5.2722E-01 5.2258E-01 5.3747E-01 5.4531E-01 5.5041E-01 5.4455E-01 5.6257E-01 5.6556E-01 5.5281E-01 5.3606E-01 5.2147E-01 5.2441E-01 4.9388E-01 4.8247E-01 4.7659E-01 4.6790E-01 4.5040E-01 4.5345E-01 4.4338E-01 4.5312E-01 4.4340E-01 4.4725E-01 4.4895E-01 4.3090E-01 4.0362E-01 3.8017E-01 3.5621E-01 3.5899E-01 3.6409E-01 3.5262E-01 3.4391E-01 3.6479E-01 3.7309E-01
4.3207E-01 4.4958E-01 4.6326E-01 4.7202E-01 4.7828E-01 4.8969E-01 4.9250E-01 4.9580E-01 5.0107E-01 5.0404E-01 5.0161E-01 5.1016E-01 5.1899E-01 5.3197E-01 5.2680E-01 5.3626E-01 5.3078E-01 5.2629E-01 5.1605E-01 5.2785E-01 5.2590E-01 5.2505E-01 5.3389E-01 5.4669E-01 5.3797E-01 5.3602E-01 5.4219E-01 5.5919E-01 5.6289E-01 5.7236E-01 5.6826E-01 5.8997E-01 5.7907E-01 5.6054E-01 5.4303E-01 5.4734E-01 5.1599E-01 5.1229E-01 4.9055E-01 4.8773E-01 4.6756E-01 4.7159E-01 4.7057E-01 4.7664E-01 4.6730E-01 4.6158E-01 4.6755E-01 4.4834E-01 4.1800E-01 3.8098E-01 3.6487E-01 3.7304E-01 3.7468E-01 3.6281E-01 3.5446E-01 3.8257E-01 3.8530E-01
4.2666E-01 4.4508E-01 4.6432E-01 4.8219E-01 4.8705E-01 4.9737E-01 5.0814E-01 5.1428E-01 5.1573E-01 5.1838E-01 5.1811E-01 5.1243E-01 5.2004E-01 5.3038E-01 5.4219E-01 5.4837E-01 5.5892E-01 5.4863E-01 5.3983E-01 5.3555E-01 5.4630E-01 5.4181E-01 5.4694E-01 5.5520E-01 5.6989E-01 5.5056E-01 5.6490E-01 5.6866E-01 5.7905E-01 5.9124E-01 5.8810E-01 5.9607E-01 6.0978E-01 5.9083E-01 5.7805E-01 5.6706E-01 5.5341E-01 5.4060E-01 5.1675E-01 5.1417E-01 4.9679E-01 4.9256E-01 4.9186E-01 4.8232E-01 4.9450E-01 4.7870E-01 4.9882E-01 4.7402E-01 4.3954E-01 4.1097E-01 3.8023E-01 3.8641E-01 3.8998E-01 3.7894E-01 3.6969E-01 3.8554E-01 3.9708E-01
4.3389E-01 4.4946E-01 4.6642E-01 4.8649E-01 4.9479E-01 5.0449E-01 5.1936E-01 5.2811E-01 5.3308E-01 5.4215E-01 5.3272E-01 5.3775E-01 5.3203E-01 5.3734E-01 5.4862E-01 5.5636E-01 5.6848E-01 5.7670E-01 5.6450E-01 5.4791E-01 5.5318E-01 5.6744E-01 5.5815E-01 5.6385E-01 5.8042E-01 5.8942E-01 5.8041E-01 5.7843E-01 5.9858E-01 5.9415E-01 6.1118E-01 6.1478E-01 6.2969E-01 6.2593E-01 6.0750E-01 5.9487E-01 5.8636E-01 5.5631E-01 5.4235E-01 5.3625E-01 5.3051E-01 5.0918E-01 5.1453E-01 5.0017E-01 5.2026E-01 5.0310E-01 5.1848E-01 5.0791E-01 4.6905E-01 4.3186E-01 3.9493E-01 4.0551E-01 4.0569E-01 3.9574E-01 3.9106E-01 3.8368E-01 4.1139E-01
4.2998E-01 4.5096E-01 4.6726E-01 4.8280E-01 5.0017E-01 5.0952E-01 5.2313E-01 5.2488E-01 5.2882E-01 5.4769E-01 5.5276E-01 5.5182E-01 5.5430E-01 5.5085E-01 5.5315E-01 5.6514E-01 5.7481E-01 5.8685E-01 5.9577E-01 5.8136E-01 5.6984E-01 5.6503E-01 5.7798E-01 5.7951E-01 5.8411E-01 5.9985E-01 5.9924E-01 6.0575E-01 6.0417E-01 6.2069E-01 6.4302E-01 6.3917E-01 6.3823E-01 6.5953E-01 6.4344E-01 6.2805E-01 6.1066E-01 5.9372E-01 5.8300E-01 5.6529E-01 5.5209E-01 5.3152E-01 5.4037E-01 5.2919E-01 5.3810E-01 5.2762E-01 5.3741E-01 5.4586E-01 4.9421E-01 4.4583E-01 4.1772E-01 4.2160E-01 4.2249E-01 4.1008E-01 4.0891E-01 3.9838E-01 4.3616E-01
4.3252E-01 4.4591E-01 4.6540E-01 4.9080E-01 4.9590E-01 5.1454E-01 5.3256E-01 5.3518E-01 5.4668E-01 5.4845E-01 5.6754E-01 5.7264E-01 5.7503E-01 5.7175E-01 5.6951E-01 5.6819E-01 5.8621E-01 5.8800E-01 6.0331E-01 6.1299E-01 6.0186E-01 5.9316E-01 5.8710E-01 5.8824E-01 5.8804E-01 6.0596E-01 6.2799E-01 6.3111E-01 6.2754E-01 6.4456E-01 6.3455E-01 6.6805E-01 6.5323E-01 6.7653E-01 6.9163E-01 6.6555E-01 6.3729E-01 6.3530E-01 6.0604E-01 5.9702E-01 5.7677E-01 5.6081E-01 5.5025E-01 5.5664E-01 5.5150E-01 5.4523E-01 5.5329E-01 5.6146E-01 5.2140E-01 4.7224E-01 4.4636E-01 4.4457E-01 4.3900E-01 4.1954E-01 4.2809E-01 4.2475E-01 4.5868E-01
4.3275E-01 4.4806E-01 4.6430E-01 4.7899E-01 4.9694E-01 5.2418E-01 5.3101E-01 5.5391E-01 5.5956E-01 5.6209E-01 5.7488E-01 5.8814E-01 5.9363E-01 5.9373E-01 5.8786E-01 5.8605E-01 5.8609E-01 6.0992E-01 6.1734E-01 6.2636E-01 6.2611E-01 6.1334E-01 6.1712E-01 6.1045E-01 6.0676E-01 6.2096E-01 6.4357E-01 6.6185E-01 6.6168E-01 6.6432E-01 6.7034E-01 6.7946E-01 6.9173E-01 6.8208E-01 7.1820E-01 7.0462E-01 6.8291E-01 6.6052E-01 6.4893E-01 6.2615E-01 6.1714E-01 5.8708E-01 5.7871E-01 5.8547E-01 5.7200E-01 5.7170E-01 5.7362E-01 5.8806E-01 5.6769E-01 5.1525E-01 4.6845E-01 4.6486E-01 4.6122E-01 4.4117E-01 4.4484E-01 4.5615E-01 4.7790E-01
4.3383E-01 4.5447E-01 4.6489E-01 4.7694E-01 4.9434E-01 5.1391E-01 5.3276E-01 5.4981E-01 5.7068E-01 5.8556E-01 5.7559E-01 5.8998E-01 6.0021E-01 6.1150E-01 6.0861E-01 6.0852E-01 6.1256E-01 6.1060E-01 6.2786E-01 6.4353E-01 6.4745E-01 6.4466E-01 6.3729E-01 6.4100E-01 6.4210E-01 6.2766E-01 6.4739E-01 6.7563E-01 6.8041E-01 6.8705E-01 6.9091E-01 6.8642E-01 7.0093E-01 7.2585E-01 7.2167E-01 7.5058E-01 7.4305E-01 6.9590E-01 6.8691E-01 6.6836E-01 6.4850E-01 6.2221E-01 6.2147E-01 6.1950E-01 5.8921E-01 5.9265E-01 5.9912E-01 6.2181E-01 5.9941E-01 5.4690E-01 5.0184E-01 4.8438E-01 4.8437E-01 4.6667E-01 4.6803E-01 4.7313E-01 4.8466E-01
4.3906E-01 4.5210E-01 4.7130E-01 4.8543E-01 5.0024E-01 5.1499E-01 5.3189E-01 5.5515E-01 5.6514E-01 5.9388E-01 6.0157E-01 6.1231E-01 6.0879E-01 6.2269E-01 6.3780E-01 6.2209E-01 6.2755E-01 6.3773E-01 6.3295E-01 6.4645E-01 6.6538E-01 6.6953E-01 6.6159E-01 6.5948E-01 6.6855E-01 6.6557E-01 6.5131E-01 6.7256E-01 7.0540E-01 7.1382E-01 7.1443E-01 7.1569E-01 7.3096E-01 7.5407E-01 7.6659E-01 7.6080E-01 7.7882E-01 7.4626E-01 7.3543E-01 7.0861E-01 6.8728E-01 6.7047E-01 6.5491E-01 6.4124E-01 6.2518E-01 6.2009E-01 6.1551E-01 6.4326E-01 6.2933E-01 5.8719E-01 5.3740E-01 5.1185E-01 5.1074E-01 4.9499E-01 4.9934E-01 5.0137E-01 5.0512E-01
4.3679E-01 4.5648E-01 4.7383E-01 4.8847E-01 5.0676E-01 5.1560E-01 5.3545E-01 5.4642E-01 5.6400E-01 5.7446E-01 6.0163E-01 6.1809E-01 6.3112E-01 6.2859E-01 6.5178E-01 6.5551E-01 6.5565E-01 6.6748E-01 6.6245E-01 6.5322E-01 6.8426E-01 6.8742E-01 6.9274E-01 6.8139E-01 6.8857E-01 7.0022E-01 6.8901E-01 6.9209E-01 7.1720E-01 7.3185E-01 7.4067E-01 7.3809E-01 7.5138E-01 7.6802E-01 7.9223E-01 7.9931E-01 8.2153E-01 8.2212E-01 7.7102E-01 7.6681E-01 7.2881E-01 7.0386E-01 6.8237E-01 6.8214E-01 6.5929E-01 6.6248E-01 6.3560E-01 6.5832E-01 6.6815E-01 6.3109E-01 5.7639E-01 5.3456E-01 5.3592E-01 5.2260E-01 5.2989E-01 5.2087E-01 5.3014E-01
4.3278E-01 4.5262E-01 4.7240E-01 4.9202E-01 5.0471E-01 5.2028E-01 5.3229E-01 5.4774E-01 5.6084E-01 5.7934E-01 5.9422E-01 6.1048E-01 6.2773E-01 6.4999E-01 6.4970E-01 6.7583E-01 6.7392E-01 6.7659E-01 6.7950E-01 6.9248E-01 6.7906E-01 7.0065E-01 7.0648E-01 7.1772E-01 7.0373E-01 7.2074E-01 7.2579E-01 7.2527E-01 7.2245E-01 7.5067E-01 7.7411E-01 7.6855E-01 7.7039E-01 7.8485E-01 8.0821E-01 7.9957E-01 8.1630E-01 8.6177E-01 8.2374E-01 8.0395E-01 7.8402E-01 7.4753E-01 7.2389E-01 7.2014E-01 7.0721E-01 6.8279E-01 6.8190E-01 6.8864E-01 6.8641E-01 6.4737E-01 6.0891E-01 5.6872E-01 5.6506E-01 5.4013E-01 5.4738E-01 5.4888E-01 5.5399E-01
4.2724E-01 4.4373E-01 4.6625E-01 4.8740E-01 5.0149E-01 5.1823E-01 5.3499E-01 5.5061E-01 5.6080E-01 5.7470E-01 5.9148E-01 6.1573E-01 6.2735E-01 6.4918E-01 6.7050E-01 6.7804E-01 7.0046E-01 6.9830E-01 7.0481E-01 6.9433E-01 7.1849E-01 7.0937E-01 7.2167E-01 7.3155E-01 7.4977E-01 7.2938E-01 7.5394E-01 7.6004E-01 7.5031E-01 7.5988E-01 7.9162E-01 8.0895E-01 7.9349E-01 8.1593E-01 8.4617E-01 8.5445E-01 8.5767E-01 8.9206E-01 8.9928E-01 8.6338E-01 8.5138E-01 7.8973E-01 7.7619E-01 7.6502E-01 7.2467E-01 7.3072E-01 7.1190E-01 7.2972E-01 7.1668E-01 6.8503E-01 6.4466E-01 6.1139E-01 5.9244E-01 5.7278E-01 5.7622E-01 5.7195E-01 5.8116E-01
