inst/extdata/rank(88)_nox_1hr_conc.grd
DSAA
         101         101
     735.634     740.634
    5071.041    5076.041
  0.5616E-01  0.1057E+02
[rows 25 to 49 of 101, columns 0 to 56 of 101]
4.2653E-01 4.4272E-01 4.5524E-01 4.7438E-01 4.9596E-01 5.1718E-01 5.3317E-01 5.4972E-01 5.6654E-01 5.7940E-01 5.8966E-01 5.9835E-01 6.3855E-01 6.4683E-01 6.6562E-01 6.8887E-01 7.0873E-01 7.1928E-01 7.1812E-01 7.2589E-01 7.3065E-01 7.4773E-01 7.4853E-01 7.6068E-01 7.5835E-01 7.7493E-01 7.6329E-01 7.8899E-01 7.9232E-01 7.7836E-01 8.0104E-01 8.2823E-01 8.3292E-01 8.4000E-01 8.5452E-01 8.5327E-01 9.0199E-01 8.8599E-01 9.5012E-01 9.1445E-01 8.9458E-01 8.6559E-01 8.1623E-01 7.9720E-01 7.8272E-01 7.6122E-01 7.6173E-01 7.5169E-01 7.6363E-01 7.4026E-01 6.8331E-01 6.4950E-01 6.2763E-01 6.0663E-01 6.0162E-01 5.9129E-01 6.1016E-01
4.1394E-01 4.3655E-01 4.6379E-01 4.7168E-01 4.8397E-01 5.0206E-01 5.2715E-01 5.5292E-01 5.7102E-01 5.8007E-01 5.9971E-01 6.1044E-01 6.2595E-01 6.4542E-01 6.7459E-01 6.8986E-01 7.0761E-01 7.2143E-01 7.3677E-01 7.5357E-01 7.6106E-01 7.6028E-01 7.7979E-01 7.8999E-01 7.9110E-01 7.9385E-01 8.1219E-01 8.0210E-01 8.1651E-01 8.3139E-01 8.2074E-01 8.3884E-01 8.7672E-01 8.5904E-01 8.9174E-01 9.0534E-01 9.0792E-01 9.5027E-01 9.7621E-01 9.9128E-01 9.7231E-01 9.4219E-01 8.7469E-01 8.6342E-01 8.4750E-01 7.9079E-01 7.8379E-01 7.8963E-01 8.1288E-01 8.0569E-01 7.3088E-01 6.9023E-01 6.6483E-01 6.4479E-01 6.3979E-01 6.4218E-01 6.5501E-01
4.0448E-01 4.3008E-01 4.4988E-01 4.6699E-01 4.9191E-01 4.9764E-01 5.1701E-01 5.3581E-01 5.6326E-01 5.9163E-01 6.0223E-01 6.1689E-01 6.3376E-01 6.4112E-01 6.6454E-01 6.9454E-01 7.1306E-01 7.2942E-01 7.5127E-01 7.6509E-01 7.8701E-01 7.9506E-01 7.9723E-01 8.1208E-01 8.2994E-01 8.2955E-01 8.4058E-01 8.4570E-01 8.4472E-01 8.5544E-01 8.5316E-01 8.8945E-01 9.0518E-01 9.1537E-01 9.0132E-01 9.3938E-01 9.4686E-01 9.7900E-01 9.9341E-01 1.0529E+00 1.0250E+00 9.9612E-01 9.5625E-01 9.2583E-01 8.9091E-01 8.4957E-01 8.3346E-01 8.2867E-01 8.5523E-01 8.5522E-01 7.7434E-01 7.4071E-01 7.0399E-01 6.9652E-01 6.8858E-01 6.6499E-01 6.7684E-01
3.9864E-01 4.1704E-01 4.4174E-01 4.6441E-01 4.8532E-01 4.9084E-01 5.1714E-01 5.3198E-01 5.4903E-01 5.7874E-01 6.0573E-01 6.2426E-01 6.3313E-01 6.5370E-01 6.6178E-01 6.8593E-01 7.1238E-01 7.3427E-01 7.6333E-01 7.7308E-01 7.9403E-01 8.2344E-01 8.2786E-01 8.4040E-01 8.3874E-01 8.6674E-01 8.7376E-01 8.7402E-01 8.7599E-01 8.8955E-01 8.9903E-01 9.0560E-01 9.3574E-01 9.6148E-01 9.7251E-01 9.6413E-01 9.9750E-01 1.0237E+00 1.0187E+00 1.0604E+00 1.0927E+00 1.0949E+00 1.0215E+00 9.8118E-01 9.4916E-01 9.1769E-01 8.7564E-01 8.6988E-01 9.0065E-01 9.0682E-01 8.2858E-01 7.8543E-01 7.5205E-01 7.4487E-01 7.3498E-01 7.0707E-01 7.2603E-01
4.0142E-01 4.2107E-01 4.3761E-01 4.5209E-01 4.6481E-01 4.9386E-01 5.1516E-01 5.2415E-01 5.4102E-01 5.5972E-01 5.9017E-01 6.1304E-01 6.4240E-01 6.5005E-01 6.7299E-01 6.9043E-01 7.0700E-01 7.3702E-01 7.6807E-01 7.8063E-01 8.0828E-01 8.3463E-01 8.4848E-01 8.6984E-01 8.9214E-01 8.7459E-01 9.0803E-01 9.1710E-01 9.1940E-01 9.1552E-01 9.4736E-01 9.4743E-01 9.5915E-01 9.9868E-01 1.0154E+00 1.0250E+00 1.0440E+00 1.0515E+00 1.0301E+00 1.0914E+00 1.1460E+00 1.1329E+00 1.1007E+00 1.0705E+00 1.0463E+00 9.9291E-01 9.2560E-01 9.1622E-01 9.6252E-01 9.5939E-01 8.9942E-01 8.5745E-01 8.1124E-01 7.9699E-01 7.8931E-01 7.6494E-01 7.6069E-01
3.8920E-01 4.1281E-01 4.3330E-01 4.5296E-01 4.7150E-01 4.8924E-01 5.0095E-01 5.2576E-01 5.3784E-01 5.6402E-01 5.7475E-01 5.9811E-01 6.1652E-01 6.5117E-01 6.7545E-01 6.8396E-01 7.1595E-01 7.2979E-01 7.6060E-01 8.0173E-01 8.2057E-01 8.3942E-01 8.7569E-01 8.8635E-01 9.1189E-01 9.2545E-01 9.2713E-01 9.6452E-01 9.5847E-01 9.7175E-01 9.6054E-01 9.8044E-01 9.9301E-01 1.0125E+00 1.0484E+00 1.0658E+00 1.0902E+00 1.1104E+00 1.1085E+00 1.1213E+00 1.1564E+00 1.2212E+00 1.2257E+00 1.1521E+00 1.1117E+00 1.0631E+00 9.8896E-01 9.6036E-01 9.9476E-01 1.0178E+00 9.5563E-01 9.0717E-01 8.7644E-01 8.5090E-01 8.4905E-01 8.1964E-01 8.0361E-01
3.7828E-01 4.0038E-01 4.2263E-01 4.4400E-01 4.6254E-01 4.8474E-01 5.0685E-01 5.2590E-01 5.3992E-01 5.5196E-01 5.6571E-01 5.9515E-01 6.1004E-01 6.2982E-01 6.6044E-01 6.8764E-01 7.1978E-01 7.3284E-01 7.7188E-01 7.9024E-01 8.1735E-01 8.6957E-01 8.6683E-01 9.0040E-01 9.2472E-01 9.5678E-01 9.6626E-01 9.8073E-01 1.0127E+00 1.0229E+00 1.0361E+00 1.0326E+00 1.0333E+00 1.0468E+00 1.0621E+00 1.1153E+00 1.1320E+00 1.1538E+00 1.1933E+00 1.1658E+00 1.2197E+00 1.2653E+00 1.2601E+00 1.2374E+00 1.1868E+00 1.1557E+00 1.0953E+00 1.0413E+00 1.0531E+00 1.0812E+00 1.0389E+00 9.5883E-01 9.4060E-01 9.0770E-01 9.2190E-01 8.7078E-01 8.2505E-01
3.6341E-01 3.8601E-01 4.0643E-01 4.2363E-01 4.4760E-01 4.6898E-01 4.9457E-01 5.1319E-01 5.4068E-01 5.5345E-01 5.6226E-01 5.8231E-01 5.9925E-01 6.2511E-01 6.4853E-01 6.7722E-01 7.0094E-01 7.4295E-01 7.6462E-01 7.8741E-01 8.2387E-01 8.5477E-01 8.9126E-01 9.2371E-01 9.4385E-01 9.8403E-01 1.0062E+00 1.0161E+00 1.0487E+00 1.0592E+00 1.0840E+00 1.0767E+00 1.1002E+00 1.1102E+00 1.1175E+00 1.1401E+00 1.2020E+00 1.2089E+00 1.2421E+00 1.2521E+00 1.2560E+00 1.2956E+00 1.3403E+00 1.3363E+00 1.2276E+00 1.2836E+00 1.1903E+00 1.1101E+00 1.1239E+00 1.1562E+00 1.1305E+00 1.0414E+00 1.0039E+00 9.6644E-01 9.7685E-01 9.3629E-01 8.9137E-01
3.5136E-01 3.7591E-01 3.9318E-01 4.1252E-01 4.3726E-01 4.5807E-01 4.7695E-01 5.0572E-01 5.2539E-01 5.4802E-01 5.6466E-01 5.8255E-01 5.9947E-01 6.1974E-01 6.4282E-01 6.6731E-01 6.9123E-01 7.1957E-01 7.6091E-01 7.9361E-01 8.1559E-01 8.5437E-01 8.9952E-01 9.1850E-01 9.6616E-01 9.7390E-01 1.0378E+00 1.0591E+00 1.0899E+00 1.1084E+00 1.1281E+00 1.1597E+00 1.1629E+00 1.1778E+00 1.1781E+00 1.1889E+00 1.2353E+00 1.2935E+00 1.3001E+00 1.3363E+00 1.3412E+00 1.3416E+00 1.3916E+00 1.4209E+00 1.3453E+00 1.3281E+00 1.3104E+00 1.2164E+00 1.2094E+00 1.2434E+00 1.2272E+00 1.1339E+00 1.0693E+00 1.0324E+00 1.0431E+00 1.0070E+00 9.6361E-01
3.4003E-01 3.6156E-01 3.8635E-01 4.0292E-01 4.2350E-01 4.4480E-01 4.5729E-01 4.8097E-01 5.1529E-01 5.3463E-01 5.4765E-01 5.8464E-01 6.0061E-01 6.2197E-01 6.3993E-01 6.7139E-01 6.8673E-01 7.1474E-01 7.4575E-01 7.8837E-01 8.2167E-01 8.5832E-01 8.8814E-01 9.3306E-01 9.6242E-01 1.0072E+00 1.0394E+00 1.0869E+00 1.1158E+00 1.1738E+00 1.1858E+00 1.2152E+00 1.2269E+00 1.2500E+00 1.2582E+00 1.2488E+00 1.2798E+00 1.3188E+00 1.3718E+00 1.3786E+00 1.4333E+00 1.4420E+00 1.4856E+00 1.4866E+00 1.5114E+00 1.3828E+00 1.3993E+00 1.3270E+00 1.3004E+00 1.3073E+00 1.2968E+00 1.2266E+00 1.1399E+00 1.1231E+00 1.1340E+00 1.1005E+00 1.0088E+00
3.2811E-01 3.4733E-01 3.7243E-01 3.9109E-01 4.0867E-01 4.3107E-01 4.4919E-01 4.7508E-01 4.8397E-01 5.1143E-01 5.3260E-01 5.6236E-01 5.8720E-01 6.1831E-01 6.4115E-01 6.6929E-01 6.8429E-01 7.1806E-01 7.2801E-01 7.6141E-01 7.9458E-01 8.4005E-01 8.8358E-01 9.2252E-01 9.7205E-01 1.0134E+00 1.0497E+00 1.1030E+00 1.1380E+00 1.1904E+00 1.2414E+00 1.2643E+00 1.2822E+00 1.3047E+00 1.3453E+00 1.3480E+00 1.3209E+00 1.3720E+00 1.4219E+00 1.4748E+00 1.5077E+00 1.5104E+00 1.5423E+00 1.5700E+00 1.5763E+00 1.4872E+00 1.4975E+00 1.4440E+00 1.4144E+00 1.4479E+00 1.4282E+00 1.3096E+00 1.2417E+00 1.2304E+00 1.2124E+00 1.1554E+00 1.0775E+00
3.1875E-01 3.3685E-01 3.5599E-01 3.7142E-01 3.9145E-01 4.0736E-01 4.3016E-01 4.5294E-01 4.7036E-01 4.9523E-01 5.1930E-01 5.3620E-01 5.6280E-01 6.0452E-01 6.2418E-01 6.5349E-01 6.8466E-01 7.1227E-01 7.3976E-01 7.7220E-01 7.8630E-01 8.1873E-01 8.5915E-01 8.9893E-01 9.5456E-01 9.9715E-01 1.0447E+00 1.1050E+00 1.1516E+00 1.2051E+00 1.2592E+00 1.3027E+00 1.3539E+00 1.3847E+00 1.4166E+00 1.4305E+00 1.4346E+00 1.4289E+00 1.4876E+00 1.5521E+00 1.6026E+00 1.6353E+00 1.6613E+00 1.7064E+00 1.6893E+00 1.6208E+00 1.6103E+00 1.5645E+00 1.5346E+00 1.5661E+00 1.5064E+00 1.4688E+00 1.3549E+00 1.3290E+00 1.2977E+00 1.2562E+00 1.1615E+00
3.2139E-01 3.3119E-01 3.5159E-01 3.6780E-01 3.8031E-01 3.9030E-01 4.0262E-01 4.3210E-01 4.5813E-01 4.7447E-01 4.9451E-01 5.1463E-01 5.4124E-01 5.7540E-01 5.9937E-01 6.3800E-01 6.6568E-01 6.9869E-01 7.2885E-01 7.5566E-01 7.8519E-01 8.2539E-01 8.4818E-01 8.8597E-01 9.3916E-01 9.8995E-01 1.0422E+00 1.0901E+00 1.1417E+00 1.2041E+00 1.2516E+00 1.3290E+00 1.3781E+00 1.4315E+00 1.4887E+00 1.5103E+00 1.5464E+00 1.5269E+00 1.5460E+00 1.6084E+00 1.6772E+00 1.7286E+00 1.7753E+00 1.7974E+00 1.8060E+00 1.7904E+00 1.7406E+00 1.7571E+00 1.6590E+00 1.6459E+00 1.6047E+00 1.5734E+00 1.4504E+00 1.4509E+00 1.3878E+00 1.3609E+00 1.2597E+00
3.1205E-01 3.2802E-01 3.4012E-01 3.5182E-01 3.7436E-01 3.9044E-01 4.0488E-01 4.2492E-01 4.3888E-01 4.4673E-01 4.7169E-01 5.0296E-01 5.1999E-01 5.4564E-01 5.6857E-01 6.0341E-01 6.4396E-01 6.8250E-01 7.1075E-01 7.4172E-01 7.7674E-01 8.1526E-01 8.4807E-01 8.9007E-01 9.3554E-01 9.6773E-01 1.0242E+00 1.0877E+00 1.1508E+00 1.2082E+00 1.2608E+00 1.3206E+00 1.3832E+00 1.4772E+00 1.5339E+00 1.5883E+00 1.6117E+00 1.6545E+00 1.6500E+00 1.6849E+00 1.7278E+00 1.7848E+00 1.8798E+00 1.9270E+00 1.9301E+00 1.9173E+00 1.8859E+00 1.9073E+00 1.8654E+00 1.7747E+00 1.6957E+00 1.7311E+00 1.5986E+00 1.5751E+00 1.5473E+00 1.4631E+00 1.3731E+00
3.0042E-01 3.2033E-01 3.3607E-01 3.4851E-01 3.5664E-01 3.7557E-01 3.8804E-01 4.0491E-01 4.2159E-01 4.4255E-01 4.6261E-01 4.8332E-01 4.9568E-01 5.2103E-01 5.4318E-01 5.7549E-01 6.1453E-01 6.3956E-01 6.7313E-01 7.1909E-01 7.5837E-01 7.9646E-01 8.3373E-01 8.6709E-01 9.1096E-01 9.5930E-01 1.0388E+00 1.0719E+00 1.1300E+00 1.1905E+00 1.2830E+00 1.3239E+00 1.4004E+00 1.4791E+00 1.5235E+00 1.6216E+00 1.6870E+00 1.7409E+00 1.7870E+00 1.7952E+00 1.8457E+00 1.8746E+00 1.9265E+00 2.0399E+00 2.0932E+00 2.0628E+00 2.0232E+00 2.0402E+00 2.0379E+00 1.9043E+00 1.8471E+00 1.7998E+00 1.6911E+00 1.7149E+00 1.7123E+00 1.6061E+00 1.4638E+00
2.9972E-01 3.0995E-01 3.2577E-01 3.3717E-01 3.5130E-01 3.6851E-01 3.8120E-01 3.9873E-01 4.1513E-01 4.3208E-01 4.4382E-01 4.6439E-01 4.8578E-01 5.0622E-01 5.3234E-01 5.4489E-01 5.7499E-01 5.9941E-01 6.5148E-01 6.8259E-01 7.2152E-01 7.6651E-01 8.0586E-01 8.5722E-01 9.0996E-01 9.4493E-01 9.8680E-01 1.0642E+00 1.1414E+00 1.1904E+00 1.2257E+00 1.3050E+00 1.4090E+00 1.4601E+00 1.5378E+00 1.6151E+00 1.7271E+00 1.8152E+00 1.8788E+00 1.9268E+00 1.9738E+00 2.0488E+00 2.0223E+00 2.1330E+00 2.2393E+00 2.2440E+00 2.1921E+00 2.2175E+00 2.1682E+00 2.1286E+00 2.0403E+00 1.9114E+00 1.9179E+00 1.9088E+00 1.8137E+00 1.6765E+00 1.5360E+00
3.0827E-01 3.2450E-01 3.2969E-01 3.3234E-01 3.4284E-01 3.5817E-01 3.7753E-01 3.9571E-01 4.0977E-01 4.2111E-01 4.4165E-01 4.5983E-01 4.7304E-01 4.9407E-01 5.1493E-01 5.3584E-01 5.6486E-01 5.9416E-01 6.1819E-01 6.4570E-01 6.8115E-01 7.3089E-01 7.7622E-01 8.1899E-01 8.6272E-01 9.1832E-01 9.9660E-01 1.0381E+00 1.0981E+00 1.1784E+00 1.2719E+00 1.3213E+00 1.3718E+00 1.4552E+00 1.5520E+00 1.6375E+00 1.7650E+00 1.8386E+00 1.9713E+00 2.0408E+00 2.0790E+00 2.1724E+00 2.2490E+00 2.2394E+00 2.3577E+00 2.4195E+00 2.4457E+00 2.3894E+00 2.4152E+00 2.3513E+00 2.2169E+00 2.0488E+00 2.0656E+00 2.0246E+00 1.8589E+00 1.8198E+00 1.6646E+00
2.9814E-01 3.0923E-01 3.3233E-01 3.3873E-01 3.5217E-01 3.6535E-01 3.6868E-01 3.8600E-01 3.9218E-01 4.1544E-01 4.2378E-01 4.3815E-01 4.5793E-01 4.8185E-01 5.0121E-01 5.2499E-01 5.4915E-01 5.7373E-01 6.0372E-01 6.3267E-01 6.7242E-01 7.0420E-01 7.2434E-01 7.8222E-01 8.4431E-01 9.0636E-01 9.6875E-01 1.0013E+00 1.0868E+00 1.1538E+00 1.2363E+00 1.3185E+00 1.4059E+00 1.4725E+00 1.5578E+00 1.6519E+00 1.7443E+00 1.9040E+00 1.9838E+00 2.0935E+00 2.2077E+00 2.2906E+00 2.3762E+00 2.4351E+00 2.5110E+00 2.6102E+00 2.6783E+00 2.6520E+00 2.6254E+00 2.5881E+00 2.4316E+00 2.2231E+00 2.1683E+00 2.1500E+00 2.0305E+00 1.9420E+00 1.7711E+00
2.8758E-01 3.0559E-01 3.1818E-01 3.3503E-01 3.5019E-01 3.5766E-01 3.6857E-01 3.8389E-01 3.9046E-01 4.0957E-01 4.2796E-01 4.4955E-01 4.6293E-01 4.6714E-01 4.9771E-01 5.1847E-01 5.4089E-01 5.6347E-01 5.8716E-01 6.1280E-01 6.6241E-01 6.8481E-01 7.3207E-01 7.7114E-01 7.9944E-01 8.3811E-01 9.0363E-01 9.5593E-01 1.0500E+00 1.1099E+00 1.1752E+00 1.2723E+00 1.3809E+00 1.4869E+00 1.6012E+00 1.6759E+00 1.7594E+00 1.8658E+00 2.0158E+00 2.1308E+00 2.2567E+00 2.4318E+00 2.5102E+00 2.6142E+00 2.7129E+00 2.8587E+00 2.8952E+00 2.9451E+00 2.9364E+00 2.7976E+00 2.7309E+00 2.4514E+00 2.4447E+00 2.3241E+00 2.1958E+00 2.0904E+00 1.8522E+00
2.7985E-01 2.9494E-01 3.0728E-01 3.2012E-01 3.3482E-01 3.5050E-01 3.6407E-01 3.7740E-01 3.8907E-01 4.0096E-01 4.1435E-01 4.3218E-01 4.5476E-01 4.6493E-01 4.9211E-01 5.1435E-01 5.3538E-01 5.5404E-01 5.7626E-01 6.0596E-01 6.3290E-01 6.6008E-01 7.0337E-01 7.5998E-01 7.9843E-01 8.4608E-01 8.9604E-01 9.3789E-01 9.9101E-01 1.0660E+00 1.1259E+00 1.2306E+00 1.3107E+00 1.4543E+00 1.5563E+00 1.6677E+00 1.8000E+00 1.9046E+00 2.0341E+00 2.1939E+00 2.3518E+00 2.4986E+00 2.6406E+00 2.7825E+00 2.9147E+00 3.0977E+00 3.2024E+00 3.1754E+00 3.0947E+00 3.0386E+00 2.9551E+00 2.7207E+00 2.6714E+00 2.5949E+00 2.4268E+00 2.2432E+00 1.9819E+00
2.7706E-01 2.9209E-01 3.0194E-01 3.1323E-01 3.2258E-01 3.3796E-01 3.4998E-01 3.6720E-01 3.8578E-01 4.0107E-01 4.1400E-01 4.2730E-01 4.4206E-01 4.6577E-01 4.8503E-01 5.0478E-01 5.1774E-01 5.3888E-01 5.6849E-01 5.9872E-01 6.1757E-01 6.4633E-01 6.8617E-01 7.3011E-01 7.7949E-01 8.3576E-01 8.9192E-01 9.2722E-01 9.9066E-01 1.0510E+00 1.1282E+00 1.2020E+00 1.3045E+00 1.4060E+00 1.5195E+00 1.6773E+00 1.8000E+00 1.9204E+00 2.0593E+00 2.2206E+00 2.4114E+00 2.5850E+00 2.7596E+00 2.9891E+00 3.2042E+00 3.3632E+00 3.4465E+00 3.4773E+00 3.3970E+00 3.3104E+00 3.2406E+00 3.0826E+00 2.9062E+00 2.8714E+00 2.6870E+00 2.3565E+00 2.1629E+00
2.5318E-01 2.7085E-01 2.8160E-01 2.9369E-01 3.0670E-01 3.1941E-01 3.3441E-01 3.5229E-01 3.6637E-01 3.8040E-01 3.9657E-01 4.0541E-01 4.1551E-01 4.3314E-01 4.6288E-01 4.8706E-01 5.0926E-01 5.4173E-01 5.6474E-01 5.8904E-01 6.0593E-01 6.2256E-01 6.5540E-01 6.9112E-01 7.3422E-01 7.8157E-01 8.4392E-01 9.1473E-01 9.8918E-01 1.0455E+00 1.0797E+00 1.1620E+00 1.2582E+00 1.3678E+00 1.4810E+00 1.6165E+00 1.7741E+00 1.9544E+00 2.1082E+00 2.2451E+00 2.3994E+00 2.6607E+00 2.8895E+00 3.1422E+00 3.3744E+00 3.5699E+00 3.6003E+00 3.6743E+00 3.7063E+00 3.6169E+00 3.5367E+00 3.3178E+00 3.2168E+00 3.1645E+00 2.8366E+00 2.6959E+00 2.3650E+00
2.4003E-01 2.5309E-01 2.6541E-01 2.8029E-01 2.9482E-01 3.0735E-01 3.1951E-01 3.2977E-01 3.4253E-01 3.5827E-01 3.7444E-01 3.9124E-01 4.0782E-01 4.2799E-01 4.4402E-01 4.6773E-01 4.8668E-01 5.0902E-01 5.2983E-01 5.5127E-01 5.8351E-01 6.1300E-01 6.4401E-01 6.7187E-01 7.0184E-01 7.4042E-01 8.0404E-01 8.6293E-01 9.1393E-01 9.9376E-01 1.0712E+00 1.1677E+00 1.2505E+00 1.3480E+00 1.4400E+00 1.5754E+00 1.7168E+00 1.8899E+00 2.1120E+00 2.2835E+00 2.4837E+00 2.7093E+00 2.9752E+00 3.2848E+00 3.5595E+00 3.7008E+00 3.7989E+00 3.9165E+00 3.9725E+00 3.9073E+00 3.7867E+00 3.6494E+00 3.4699E+00 3.4335E+00 3.2015E+00 2.9424E+00 2.4445E+00
2.1678E-01 2.2646E-01 2.3959E-01 2.5290E-01 2.6534E-01 2.7714E-01 2.8289E-01 2.9574E-01 3.0877E-01 3.2504E-01 3.3478E-01 3.5158E-01 3.6914E-01 3.9277E-01 4.1548E-01 4.3372E-01 4.5880E-01 4.7882E-01 5.0089E-01 5.3034E-01 5.6194E-01 5.9944E-01 6.2771E-01 6.5841E-01 6.8419E-01 7.0830E-01 7.5722E-01 8.0982E-01 8.6905E-01 9.3950E-01 1.0077E+00 1.1021E+00 1.1805E+00 1.2864E+00 1.3939E+00 1.5269E+00 1.6735E+00 1.8328E+00 2.0284E+00 2.2568E+00 2.4630E+00 2.7246E+00 3.0854E+00 3.4639E+00 3.6566E+00 3.8612E+00 4.0032E+00 4.1595E+00 4.2223E+00 4.2667E+00 4.1766E+00 3.9917E+00 3.7239E+00 3.7151E+00 3.3085E+00 2.9119E+00 2.6619E+00
2.0365E-01 2.1326E-01 2.2106E-01 2.3107E-01 2.4315E-01 2.5289E-01 2.6367E-01 2.7432E-01 2.8970E-01 3.0442E-01 3.1866E-01 3.3045E-01 3.5139E-01 3.6566E-01 3.8361E-01 4.0544E-01 4.2801E-01 4.5231E-01 4.7707E-01 4.9724E-01 5.2500E-01 5.5320E-01 5.7585E-01 6.0395E-01 6.5004E-01 6.8596E-01 7.2556E-01 7.8718E-01 8.3119E-01 8.4853E-01 9.2402E-01 1.0253E+00 1.1246E+00 1.2499E+00 1.3709E+00 1.4861E+00 1.6490E+00 1.8445E+00 1.9712E+00 2.1464E+00 2.3456E+00 2.6976E+00 3.0546E+00 3.3415E+00 3.6265E+00 3.8803E+00 4.1721E+00 4.3911E+00 4.4609E+00 4.4802E+00 4.3314E+00 4.2284E+00 4.2485E+00 4.0325E+00 3.6208E+00 3.2126E+00 3.0643E+00
