inst/extdata/rank(1)_nox_1hr_conc.grd
DSAA
         101         101
     735.634     740.634
    5071.041    5076.041
  0.3313E+00  0.2722E+02
[rows 0 to 24 of 101, columns 0 to 56 of 101]
7.8162E-01 8.3408E-01 9.0947E-01 9.8259E-01 1.0519E+00 1.1143E+00 1.1708E+00 1.2181E+00 1.2546E+00 1.2786E+00 1.2890E+00 1.2833E+00 1.2638E+00 1.2273E+00 1.1769E+00 1.1140E+00 1.0432E+00 1.0514E+00 1.1007E+00 1.1304E+00 1.1395E+00 1.1246E+00 1.0870E+00 1.0720E+00 1.0965E+00 1.1104E+00 1.1142E+00 1.1070E+00 1.0896E+00 1.0883E+00 1.1485E+00 1.1969E+00 1.2317E+00 1.2510E+00 1.2536E+00 1.2410E+00 1.2295E+00 1.2149E+00 1.2073E+00 1.2555E+00 1.2951E+00 1.3253E+00 1.3453E+00 1.3545E+00 1.3528E+00 1.3402E+00 1.3173E+00 1.2846E+00 1.2433E+00 1.1943E+00 1.1644E+00 1.1735E+00 1.1425E+00 1.0745E+00 1.0841E+00 1.1050E+00 1.1222E+00
7.9058E-01 8.2877E-01 8.7981E-01 9.5555E-01 1.0272E+00 1.0941E+00 1.1554E+00 1.2084E+00 1.2511E+00 1.2819E+00 1.3003E+00 1.3018E+00 1.2865E+00 1.2562E+00 1.2113E+00 1.1530E+00 1.0868E+00 1.0513E+00 1.1124E+00 1.1533E+00 1.1724E+00 1.1679E+00 1.1397E+00 1.0935E+00 1.1225E+00 1.1421E+00 1.1514E+00 1.1514E+00 1.1374E+00 1.1173E+00 1.1840E+00 1.2386E+00 1.2809E+00 1.3050E+00 1.3114E+00 1.2996E+00 1.2943E+00 1.2807E+00 1.2506E+00 1.2794E+00 1.3219E+00 1.3552E+00 1.3781E+00 1.3898E+00 1.3902E+00 1.3793E+00 1.3573E+00 1.3251E+00 1.2837E+00 1.2348E+00 1.2046E+00 1.2177E+00 1.1879E+00 1.1542E+00 1.1826E+00 1.2073E+00 1.2280E+00
7.9623E-01 8.3788E-01 8.7712E-01 9.1914E-01 9.9343E-01 1.0640E+00 1.1297E+00 1.1879E+00 1.2372E+00 1.2750E+00 1.3004E+00 1.3076E+00 1.2995E+00 1.2762E+00 1.2378E+00 1.1853E+00 1.1253E+00 1.0566E+00 1.1098E+00 1.1624E+00 1.1943E+00 1.2023E+00 1.1869E+00 1.1462E+00 1.1421E+00 1.1701E+00 1.1863E+00 1.1899E+00 1.1811E+00 1.1595E+00 1.2148E+00 1.2754E+00 1.3216E+00 1.3512E+00 1.3624E+00 1.3542E+00 1.3558E+00 1.3447E+00 1.3160E+00 1.3044E+00 1.3505E+00 1.3876E+00 1.4139E+00 1.4288E+00 1.4319E+00 1.4240E+00 1.4033E+00 1.3720E+00 1.3308E+00 1.2810E+00 1.2408E+00 1.2582E+00 1.2304E+00 1.2539E+00 1.2863E+00 1.3145E+00 1.3386E+00
7.9966E-01 8.4440E-01 8.8663E-01 9.2540E-01 9.5863E-01 1.0247E+00 1.0939E+00 1.1572E+00 1.2120E+00 1.2566E+00 1.2877E+00 1.3023E+00 1.3021E+00 1.2866E+00 1.2558E+00 1.2113E+00 1.1602E+00 1.0978E+00 1.0940E+00 1.1591E+00 1.2047E+00 1.2281E+00 1.2252E+00 1.1962E+00 1.1580E+00 1.1900E+00 1.2119E+00 1.2221E+00 1.2195E+00 1.2035E+00 1.2356E+00 1.3028E+00 1.3556E+00 1.3912E+00 1.4077E+00 1.4045E+00 1.4156E+00 1.4079E+00 1.3822E+00 1.3372E+00 1.3772E+00 1.4181E+00 1.4487E+00 1.4669E+00 1.4730E+00 1.4669E+00 1.4479E+00 1.4131E+00 1.3728E+00 1.3233E+00 1.2731E+00 1.2959E+00 1.3173E+00 1.3576E+00 1.3931E+00 1.4227E+00 1.4491E+00
8.2868E-01 8.4698E-01 8.9278E-01 9.3424E-01 9.7016E-01 1.0003E+00 1.0497E+00 1.1177E+00 1.1763E+00 1.2256E+00 1.2636E+00 1.2859E+00 1.2939E+00 1.2868E+00 1.2654E+00 1.2298E+00 1.1879E+00 1.1309E+00 1.0654E+00 1.1442E+00 1.2044E+00 1.2417E+00 1.2555E+00 1.2400E+00 1.1978E+00 1.2021E+00 1.2314E+00 1.2488E+00 1.2531E+00 1.2446E+00 1.2483E+00 1.3224E+00 1.3820E+00 1.4267E+00 1.4493E+00 1.4561E+00 1.4722E+00 1.4684E+00 1.4444E+00 1.4005E+00 1.4080E+00 1.4534E+00 1.4830E+00 1.5054E+00 1.5152E+00 1.5123E+00 1.4957E+00 1.4672E+00 1.4275E+00 1.3780E+00 1.3198E+00 1.3631E+00 1.4117E+00 1.4564E+00 1.4944E+00 1.5273E+00 1.5558E+00
8.8958E-01 8.9652E-01 8.9518E-01 9.3783E-01 9.7688E-01 1.0094E+00 1.0362E+00 1.0662E+00 1.1290E+00 1.1837E+00 1.2284E+00 1.2583E+00 1.2748E+00 1.2788E+00 1.2667E+00 1.2404E+00 1.2057E+00 1.1574E+00 1.0959E+00 1.1159E+00 1.1922E+00 1.2446E+00 1.2727E+00 1.2732E+00 1.2454E+00 1.2072E+00 1.2441E+00 1.2693E+00 1.2827E+00 1.2813E+00 1.2643E+00 1.3358E+00 1.4026E+00 1.4518E+00 1.4811E+00 1.5020E+00 1.5236E+00 1.5243E+00 1.5037E+00 1.4616E+00 1.4619E+00 1.4799E+00 1.5172E+00 1.5439E+00 1.5576E+00 1.5580E+00 1.5439E+00 1.5171E+00 1.4784E+00 1.4290E+00 1.3962E+00 1.4527E+00 1.5052E+00 1.5524E+00 1.5943E+00 1.6300E+00 1.6596E+00
9.4707E-01 9.5923E-01 9.6268E-01 9.5775E-01 9.7703E-01 1.0136E+00 1.0439E+00 1.0680E+00 1.0858E+00 1.1305E+00 1.1816E+00 1.2206E+00 1.2476E+00 1.2607E+00 1.2600E+00 1.2421E+00 1.2176E+00 1.1781E+00 1.1250E+00 1.0769E+00 1.1644E+00 1.2328E+00 1.2785E+00 1.2970E+00 1.2886E+00 1.2483E+00 1.2523E+00 1.2865E+00 1.3074E+00 1.3134E+00 1.3052E+00 1.3386E+00 1.4123E+00 1.4687E+00 1.5057E+00 1.5421E+00 1.5695E+00 1.5769E+00 1.5616E+00 1.5223E+00 1.5108E+00 1.5384E+00 1.5523E+00 1.5835E+00 1.6013E+00 1.6052E+00 1.5941E+00 1.5695E+00 1.5322E+00 1.4835E+00 1.4831E+00 1.5430E+00 1.5985E+00 1.6483E+00 1.6903E+00 1.7250E+00 1.7507E+00
1.0009E+00 1.0190E+00 1.0286E+00 1.0277E+00 1.0180E+00 1.0120E+00 1.0464E+00 1.0756E+00 1.0995E+00 1.1171E+00 1.1276E+00 1.1733E+00 1.2104E+00 1.2327E+00 1.2407E+00 1.2344E+00 1.2200E+00 1.1908E+00 1.1491E+00 1.1200E+00 1.1236E+00 1.2077E+00 1.2733E+00 1.3118E+00 1.3208E+00 1.2981E+00 1.2533E+00 1.2970E+00 1.3287E+00 1.3436E+00 1.3626E+00 1.4080E+00 1.4515E+00 1.4905E+00 1.5260E+00 1.5786E+00 1.6130E+00 1.6248E+00 1.6136E+00 1.5779E+00 1.5544E+00 1.5933E+00 1.5899E+00 1.6234E+00 1.6457E+00 1.6535E+00 1.6457E+00 1.6244E+00 1.5888E+00 1.5406E+00 1.5727E+00 1.6345E+00 1.6905E+00 1.7396E+00 1.7802E+00 1.8120E+00 1.8330E+00
1.0499E+00 1.0742E+00 1.0898E+00 1.0959E+00 1.0903E+00 1.0737E+00 1.0464E+00 1.0789E+00 1.1088E+00 1.1319E+00 1.1492E+00 1.1595E+00 1.1617E+00 1.1931E+00 1.2115E+00 1.2162E+00 1.2128E+00 1.2004E+00 1.1819E+00 1.1573E+00 1.1282E+00 1.1714E+00 1.2533E+00 1.3118E+00 1.3414E+00 1.3406E+00 1.3046E+00 1.3071E+00 1.3429E+00 1.3864E+00 1.4400E+00 1.4915E+00 1.5400E+00 1.5864E+00 1.6253E+00 1.6573E+00 1.6812E+00 1.6922E+00 1.6906E+00 1.6734E+00 1.6367E+00 1.6463E+00 1.6545E+00 1.6666E+00 1.6946E+00 1.7067E+00 1.7025E+00 1.6832E+00 1.6494E+00 1.6003E+00 1.6681E+00 1.7279E+00 1.7822E+00 1.8268E+00 1.8638E+00 1.8893E+00 1.9024E+00
1.0923E+00 1.1241E+00 1.1469E+00 1.1582E+00 1.1583E+00 1.1470E+00 1.1240E+00 1.0901E+00 1.1123E+00 1.1432E+00 1.1661E+00 1.1825E+00 1.2011E+00 1.2250E+00 1.2392E+00 1.2440E+00 1.2421E+00 1.2290E+00 1.2102E+00 1.1847E+00 1.1543E+00 1.1206E+00 1.2193E+00 1.2998E+00 1.3501E+00 1.3685E+00 1.3554E+00 1.3383E+00 1.3996E+00 1.4606E+00 1.5210E+00 1.5807E+00 1.6363E+00 1.6875E+00 1.7325E+00 1.7701E+00 1.7961E+00 1.8090E+00 1.8053E+00 1.7793E+00 1.7297E+00 1.6987E+00 1.7189E+00 1.7151E+00 1.7433E+00 1.7605E+00 1.7609E+00 1.7454E+00 1.7113E+00 1.6942E+00 1.7640E+00 1.8249E+00 1.8760E+00 1.9170E+00 1.9447E+00 1.9618E+00 1.9639E+00
1.1276E+00 1.1670E+00 1.1956E+00 1.2138E+00 1.2206E+00 1.2156E+00 1.1981E+00 1.1687E+00 1.1294E+00 1.1475E+00 1.1773E+00 1.2020E+00 1.2282E+00 1.2484E+00 1.2604E+00 1.2653E+00 1.2583E+00 1.2454E+00 1.2254E+00 1.2023E+00 1.1802E+00 1.1501E+00 1.1730E+00 1.2690E+00 1.3418E+00 1.3860E+00 1.3939E+00 1.4012E+00 1.4697E+00 1.5382E+00 1.6073E+00 1.6737E+00 1.7371E+00 1.7961E+00 1.8480E+00 1.8893E+00 1.9173E+00 1.9280E+00 1.9150E+00 1.8798E+00 1.8142E+00 1.7425E+00 1.7756E+00 1.7608E+00 1.7994E+00 1.8218E+00 1.8242E+00 1.8123E+00 1.7839E+00 1.7919E+00 1.8637E+00 1.9239E+00 1.9728E+00 2.0094E+00 2.0321E+00 2.0400E+00 2.0345E+00
1.1558E+00 1.2006E+00 1.2363E+00 1.2618E+00 1.2758E+00 1.2777E+00 1.2666E+00 1.2440E+00 1.2105E+00 1.1637E+00 1.1843E+00 1.2151E+00 1.2398E+00 1.2580E+00 1.2677E+00 1.2679E+00 1.2608E+00 1.2519E+00 1.2514E+00 1.2428E+00 1.2256E+00 1.2011E+00 1.1701E+00 1.2241E+00 1.3177E+00 1.3838E+00 1.4168E+00 1.4647E+00 1.5418E+00 1.6191E+00 1.6965E+00 1.7720E+00 1.8447E+00 1.9107E+00 1.9676E+00 2.0125E+00 2.0386E+00 2.0400E+00 2.0188E+00 1.9641E+00 1.8851E+00 1.7860E+00 1.8303E+00 1.8232E+00 1.8575E+00 1.8860E+00 1.8946E+00 1.8870E+00 1.8617E+00 1.8846E+00 1.9558E+00 2.0154E+00 2.0622E+00 2.0957E+00 2.1150E+00 2.1195E+00 2.1090E+00
1.1722E+00 1.2238E+00 1.2668E+00 1.2999E+00 1.3217E+00 1.3313E+00 1.3284E+00 1.3141E+00 1.2850E+00 1.2448E+00 1.2010E+00 1.2230E+00 1.2560E+00 1.2811E+00 1.2985E+00 1.3084E+00 1.3086E+00 1.2989E+00 1.2825E+00 1.2798E+00 1.2701E+00 1.2523E+00 1.2247E+00 1.2173E+00 1.2895E+00 1.3653E+00 1.4451E+00 1.5286E+00 1.6139E+00 1.7011E+00 1.7880E+00 1.8720E+00 1.9514E+00 2.0234E+00 2.0843E+00 2.1255E+00 2.1465E+00 2.1359E+00 2.0960E+00 2.0306E+00 1.9426E+00 1.8377E+00 1.8804E+00 1.8879E+00 1.9221E+00 1.9576E+00 1.9720E+00 1.9694E+00 1.9476E+00 1.9732E+00 2.0447E+00 2.1043E+00 2.1497E+00 2.1813E+00 2.1989E+00 2.2023E+00 2.1906E+00
1.1773E+00 1.2355E+00 1.2858E+00 1.3266E+00 1.3565E+00 1.3751E+00 1.3822E+00 1.3741E+00 1.3538E+00 1.3203E+00 1.2763E+00 1.2767E+00 1.2705E+00 1.2987E+00 1.3249E+00 1.3438E+00 1.3535E+00 1.3533E+00 1.3431E+00 1.3226E+00 1.3118E+00 1.3007E+00 1.2809E+00 1.2511E+00 1.3273E+00 1.4099E+00 1.4984E+00 1.5905E+00 1.6853E+00 1.7807E+00 1.8759E+00 1.9675E+00 2.0539E+00 2.1289E+00 2.1858E+00 2.2237E+00 2.2294E+00 2.2066E+00 2.1583E+00 2.0862E+00 1.9935E+00 1.8852E+00 1.9260E+00 1.9499E+00 1.9929E+00 2.0362E+00 2.0579E+00 2.0599E+00 2.0397E+00 2.0579E+00 2.1309E+00 2.1914E+00 2.2379E+00 2.2717E+00 2.2896E+00 2.2921E+00 2.2769E+00
1.1704E+00 1.2347E+00 1.2920E+00 1.3405E+00 1.3794E+00 1.4078E+00 1.4227E+00 1.4249E+00 1.4135E+00 1.3886E+00 1.3531E+00 1.3561E+00 1.3531E+00 1.3427E+00 1.3446E+00 1.3733E+00 1.3932E+00 1.4023E+00 1.4020E+00 1.3900E+00 1.3667E+00 1.3467E+00 1.3335E+00 1.3115E+00 1.3610E+00 1.4507E+00 1.5472E+00 1.6469E+00 1.7490E+00 1.8528E+00 1.9559E+00 2.0545E+00 2.1426E+00 2.2151E+00 2.2694E+00 2.2922E+00 2.2888E+00 2.2598E+00 2.2065E+00 2.1324E+00 2.0404E+00 1.9327E+00 1.9647E+00 2.0082E+00 2.0638E+00 2.1104E+00 2.1355E+00 2.1364E+00 2.1148E+00 2.1458E+00 2.2204E+00 2.2820E+00 2.3279E+00 2.3614E+00 2.3789E+00 2.3804E+00 2.3659E+00
1.1513E+00 1.2210E+00 1.2847E+00 1.3413E+00 1.3889E+00 1.4262E+00 1.4513E+00 1.4635E+00 1.4624E+00 1.4487E+00 1.4258E+00 1.4335E+00 1.4321E+00 1.4235E+00 1.4112E+00 1.3959E+00 1.4254E+00 1.4453E+00 1.4548E+00 1.4548E+00 1.4414E+00 1.4189E+00 1.3843E+00 1.3712E+00 1.3868E+00 1.4828E+00 1.5850E+00 1.6920E+00 1.8020E+00 1.9133E+00 2.0229E+00 2.1225E+00 2.2127E+00 2.2789E+00 2.3202E+00 2.3378E+00 2.3305E+00 2.3004E+00 2.2499E+00 2.1797E+00 2.0914E+00 1.9906E+00 1.9922E+00 2.0570E+00 2.1154E+00 2.1674E+00 2.1935E+00 2.2008E+00 2.1830E+00 2.2305E+00 2.3100E+00 2.3752E+00 2.4231E+00 2.4561E+00 2.4729E+00 2.4698E+00 2.4523E+00
1.1194E+00 1.1938E+00 1.2635E+00 1.3269E+00 1.3841E+00 1.4304E+00 1.4655E+00 1.4886E+00 1.4998E+00 1.4961E+00 1.4939E+00 1.5035E+00 1.5086E+00 1.5052E+00 1.4930E+00 1.4742E+00 1.4492E+00 1.4802E+00 1.5029E+00 1.5138E+00 1.5131E+00 1.5008E+00 1.4750E+00 1.4363E+00 1.4111E+00 1.5022E+00 1.6107E+00 1.7240E+00 1.8410E+00 1.9572E+00 2.0685E+00 2.1718E+00 2.2523E+00 2.3131E+00 2.3529E+00 2.3699E+00 2.3657E+00 2.3408E+00 2.2957E+00 2.2310E+00 2.1516E+00 2.0507E+00 2.0089E+00 2.0998E+00 2.1632E+00 2.2228E+00 2.2566E+00 2.2682E+00 2.2545E+00 2.3165E+00 2.3995E+00 2.4674E+00 2.5187E+00 2.5522E+00 2.5670E+00 2.5585E+00 2.5346E+00
1.1670E+00 1.1707E+00 1.2290E+00 1.3005E+00 1.3641E+00 1.4192E+00 1.4645E+00 1.4998E+00 1.5216E+00 1.5321E+00 1.5533E+00 1.5713E+00 1.5814E+00 1.5812E+00 1.5747E+00 1.5580E+00 1.5311E+00 1.5080E+00 1.5420E+00 1.5658E+00 1.5778E+00 1.5773E+00 1.5630E+00 1.5356E+00 1.4940E+00 1.5083E+00 1.6228E+00 1.7429E+00 1.8648E+00 1.9875E+00 2.0988E+00 2.1938E+00 2.2726E+00 2.3327E+00 2.3737E+00 2.3959E+00 2.3985E+00 2.3814E+00 2.3440E+00 2.2903E+00 2.2128E+00 2.1163E+00 2.0184E+00 2.1362E+00 2.2160E+00 2.2846E+00 2.3262E+00 2.3443E+00 2.3127E+00 2.4060E+00 2.4933E+00 2.5633E+00 2.6141E+00 2.6451E+00 2.6554E+00 2.6448E+00 2.6150E+00
1.2139E+00 1.2239E+00 1.2289E+00 1.2891E+00 1.3473E+00 1.4029E+00 1.4547E+00 1.5014E+00 1.5435E+00 1.5777E+00 1.6089E+00 1.6331E+00 1.6469E+00 1.6525E+00 1.6516E+00 1.6392E+00 1.6179E+00 1.5850E+00 1.5727E+00 1.6088E+00 1.6342E+00 1.6477E+00 1.6472E+00 1.6319E+00 1.6032E+00 1.5550E+00 1.6268E+00 1.7509E+00 1.8785E+00 1.9966E+00 2.1025E+00 2.1968E+00 2.2760E+00 2.3404E+00 2.3889E+00 2.4200E+00 2.4325E+00 2.4292E+00 2.4016E+00 2.3528E+00 2.2824E+00 2.1935E+00 2.0823E+00 2.1649E+00 2.2653E+00 2.3433E+00 2.3955E+00 2.4194E+00 2.4161E+00 2.4912E+00 2.5820E+00 2.6534E+00 2.7047E+00 2.7379E+00 2.7448E+00 2.7294E+00 2.6927E+00
1.2493E+00 1.2666E+00 1.2736E+00 1.2903E+00 1.3547E+00 1.4163E+00 1.4730E+00 1.5264E+00 1.5732E+00 1.6176E+00 1.6563E+00 1.6844E+00 1.7057E+00 1.7202E+00 1.7233E+00 1.7179E+00 1.7015E+00 1.6750E+00 1.6381E+00 1.6408E+00 1.6814E+00 1.7092E+00 1.7240E+00 1.7239E+00 1.7061E+00 1.6703E+00 1.6180E+00 1.7479E+00 1.8674E+00 1.9817E+00 2.0879E+00 2.1837E+00 2.2688E+00 2.3412E+00 2.3992E+00 2.4412E+00 2.4690E+00 2.4732E+00 2.4562E+00 2.4176E+00 2.3549E+00 2.2694E+00 2.1627E+00 2.2056E+00 2.3169E+00 2.4051E+00 2.4661E+00 2.4977E+00 2.5003E+00 2.5827E+00 2.6743E+00 2.7491E+00 2.8006E+00 2.8302E+00 2.8353E+00 2.8165E+00 2.7743E+00
1.2718E+00 1.2946E+00 1.3088E+00 1.3130E+00 1.3510E+00 1.4177E+00 1.4808E+00 1.5400E+00 1.5953E+00 1.6481E+00 1.6914E+00 1.7277E+00 1.7582E+00 1.7781E+00 1.7899E+00 1.7903E+00 1.7827E+00 1.7606E+00 1.7274E+00 1.6842E+00 1.7167E+00 1.7604E+00 1.7910E+00 1.8054E+00 1.8033E+00 1.7828E+00 1.7423E+00 1.7031E+00 1.8209E+00 1.9335E+00 2.0585E+00 2.1608E+00 2.2541E+00 2.3369E+00 2.4104E+00 2.4649E+00 2.5018E+00 2.5192E+00 2.5130E+00 2.4839E+00 2.4300E+00 2.3533E+00 2.2514E+00 2.2533E+00 2.3757E+00 2.4746E+00 2.5474E+00 2.5881E+00 2.5976E+00 2.6779E+00 2.7789E+00 2.8549E+00 2.9073E+00 2.9378E+00 2.9426E+00 2.9202E+00 2.8748E+00
1.2778E+00 1.3076E+00 1.3283E+00 1.3399E+00 1.3419E+00 1.4077E+00 1.4765E+00 1.5425E+00 1.6074E+00 1.6647E+00 1.7159E+00 1.7613E+00 1.7990E+00 1.8287E+00 1.8475E+00 1.8574E+00 1.8542E+00 1.8396E+00 1.8142E+00 1.7737E+00 1.7377E+00 1.7980E+00 1.8430E+00 1.8750E+00 1.8902E+00 1.8860E+00 1.8631E+00 1.8213E+00 1.7884E+00 1.9057E+00 1.9970E+00 2.1308E+00 2.2344E+00 2.3328E+00 2.4155E+00 2.4847E+00 2.5345E+00 2.5643E+00 2.5715E+00 2.5545E+00 2.5126E+00 2.4432E+00 2.3476E+00 2.3021E+00 2.4375E+00 2.5491E+00 2.6322E+00 2.6829E+00 2.6999E+00 2.7780E+00 2.8862E+00 2.9716E+00 3.0325E+00 3.0610E+00 3.0667E+00 3.0413E+00 2.9821E+00
1.2679E+00 1.3038E+00 1.3314E+00 1.3505E+00 1.3608E+00 1.3867E+00 1.4622E+00 1.5351E+00 1.6042E+00 1.6682E+00 1.7291E+00 1.7839E+00 1.8297E+00 1.8670E+00 1.8968E+00 1.9123E+00 1.9184E+00 1.9137E+00 1.8936E+00 1.8610E+00 1.8137E+00 1.8175E+00 1.8810E+00 1.9309E+00 1.9644E+00 1.9802E+00 1.9788E+00 1.9501E+00 1.8985E+00 1.8310E+00 1.9515E+00 2.0993E+00 2.2140E+00 2.3228E+00 2.4184E+00 2.5000E+00 2.5651E+00 2.6097E+00 2.6325E+00 2.6299E+00 2.5989E+00 2.5402E+00 2.4533E+00 2.3466E+00 2.4963E+00 2.6216E+00 2.7175E+00 2.7796E+00 2.8054E+00 2.8799E+00 2.9933E+00 3.0836E+00 3.1471E+00 3.1825E+00 3.1887E+00 3.1657E+00 3.1064E+00
1.2427E+00 1.2835E+00 1.3174E+00 1.3438E+00 1.3622E+00 1.3733E+00 1.4347E+00 1.5127E+00 1.5874E+00 1.6601E+00 1.7297E+00 1.7911E+00 1.8457E+00 1.8935E+00 1.9299E+00 1.9565E+00 1.9715E+00 1.9769E+00 1.9657E+00 1.9416E+00 1.9001E+00 1.8439E+00 1.9022E+00 1.9713E+00 2.0255E+00 2.0631E+00 2.0800E+00 2.0724E+00 2.0399E+00 1.9771E+00 1.9460E+00 2.0620E+00 2.1871E+00 2.3060E+00 2.4162E+00 2.5136E+00 2.5952E+00 2.6577E+00 2.6959E+00 2.7082E+00 2.6912E+00 2.6453E+00 2.5663E+00 2.4612E+00 2.5569E+00 2.6976E+00 2.8080E+00 2.8826E+00 2.9177E+00 2.9822E+00 3.1015E+00 3.1931E+00 3.2561E+00 3.2983E+00 3.3021E+00 3.2749E+00 3.2176E+00
1.2012E+00 1.2467E+00 1.2864E+00 1.3196E+00 1.3464E+00 1.3671E+00 1.3950E+00 1.4777E+00 1.5582E+00 1.6381E+00 1.7142E+00 1.7834E+00 1.8480E+00 1.9031E+00 1.9502E+00 1.9865E+00 2.0155E+00 2.0305E+00 2.0297E+00 2.0130E+00 1.9809E+00 1.9382E+00 1.9057E+00 1.9933E+00 2.0690E+00 2.1264E+00 2.1670E+00 2.1828E+00 2.1706E+00 2.1289E+00 2.0620E+00 2.0670E+00 2.1524E+00 2.2852E+00 2.4103E+00 2.5249E+00 2.6246E+00 2.7044E+00 2.7605E+00 2.7904E+00 2.7897E+00 2.7604E+00 2.6902E+00 2.5910E+00 2.6240E+00 2.7851E+00 2.9122E+00 3.0033E+00 3.0501E+00 3.0787E+00 3.2003E+00 3.2928E+00 3.3533E+00 3.3797E+00 3.3702E+00 3.3287E+00 3.2546E+00
