inst/extdata/rank(0)_cd_2952hr_conc_cd.grd
DSAA
          81          81
     760.250     764.250
    5036.750    5040.750
  0.1943E-02  0.2880E+00
[rows 0 to 24 of 81, columns 0 to 56 of 81]
5.9228E-03 6.2110E-03 6.5134E-03 6.8187E-03 7.1097E-03 7.3767E-03 7.6130E-03 7.8236E-03 8.0265E-03 8.2370E-03 8.4695E-03 8.7316E-03 9.0263E-03 9.3412E-03 9.6819E-03 1.0050E-02 1.0452E-02 1.0915E-02 1.1456E-02 1.2096E-02 1.2852E-02 1.3694E-02 1.4653E-02 1.5710E-02 1.6819E-02 1.7870E-02 1.8730E-02 1.9330E-02 1.9707E-02 2.0000E-02 2.0349E-02 2.0806E-02 2.1306E-02 2.1773E-02 2.2205E-02 2.2630E-02 2.3036E-02 2.3372E-02 2.3560E-02 2.3543E-02 2.3241E-02 2.2629E-02 2.1741E-02 2.0772E-02 1.9902E-02 1.9227E-02 1.8721E-02 1.8270E-02 1.7782E-02 1.7197E-02 1.6526E-02 1.5799E-02 1.5070E-02 1.4365E-02 1.3680E-02 1.3015E-02 1.2357E-02
5.8249E-03 6.1024E-03 6.4059E-03 6.7245E-03 7.0428E-03 7.3477E-03 7.6254E-03 7.8705E-03 8.0926E-03 8.3078E-03 8.5331E-03 8.7812E-03 9.0625E-03 9.3772E-03 9.7131E-03 1.0073E-02 1.0467E-02 1.0916E-02 1.1442E-02 1.2072E-02 1.2831E-02 1.3691E-02 1.4682E-02 1.5798E-02 1.7014E-02 1.8228E-02 1.9284E-02 2.0055E-02 2.0528E-02 2.0834E-02 2.1152E-02 2.1584E-02 2.2086E-02 2.2566E-02 2.3008E-02 2.3433E-02 2.3846E-02 2.4192E-02 2.4387E-02 2.4369E-02 2.4058E-02 2.3418E-02 2.2482E-02 2.1461E-02 2.0550E-02 1.9845E-02 1.9317E-02 1.8833E-02 1.8302E-02 1.7665E-02 1.6946E-02 1.6175E-02 1.5404E-02 1.4660E-02 1.3932E-02 1.3223E-02 1.2519E-02
5.7359E-03 5.9989E-03 6.2895E-03 6.6105E-03 6.9485E-03 7.2850E-03 7.6044E-03 7.8939E-03 8.1465E-03 8.3774E-03 8.6022E-03 8.8399E-03 9.1059E-03 9.4081E-03 9.7407E-03 1.0103E-02 1.0497E-02 1.0937E-02 1.1456E-02 1.2081E-02 1.2831E-02 1.3706E-02 1.4726E-02 1.5904E-02 1.7216E-02 1.8586E-02 1.9847E-02 2.0819E-02 2.1434E-02 2.1782E-02 2.2075E-02 2.2474E-02 2.2969E-02 2.3465E-02 2.3911E-02 2.4339E-02 2.4758E-02 2.5114E-02 2.5317E-02 2.5299E-02 2.4974E-02 2.4299E-02 2.3309E-02 2.2229E-02 2.1268E-02 2.0533E-02 1.9976E-02 1.9453E-02 1.8872E-02 1.8175E-02 1.7399E-02 1.6579E-02 1.5762E-02 1.4968E-02 1.4190E-02 1.3428E-02 1.2677E-02
5.6618E-03 5.9038E-03 6.1827E-03 6.4931E-03 6.8355E-03 7.1936E-03 7.5450E-03 7.8779E-03 8.1761E-03 8.4355E-03 8.6711E-03 8.9028E-03 9.1545E-03 9.4424E-03 9.7724E-03 1.0138E-02 1.0539E-02 1.0982E-02 1.1492E-02 1.2109E-02 1.2860E-02 1.3746E-02 1.4800E-02 1.6029E-02 1.7425E-02 1.8934E-02 2.0397E-02 2.1596E-02 2.2389E-02 2.2824E-02 2.3113E-02 2.3479E-02 2.3962E-02 2.4468E-02 2.4925E-02 2.5353E-02 2.5785E-02 2.6149E-02 2.6362E-02 2.6338E-02 2.5993E-02 2.5277E-02 2.4223E-02 2.3076E-02 2.2062E-02 2.1291E-02 2.0699E-02 2.0135E-02 1.9490E-02 1.8728E-02 1.7885E-02 1.7005E-02 1.6136E-02 1.5285E-02 1.4454E-02 1.3640E-02 1.2834E-02
5.5942E-03 5.8300E-03 6.0883E-03 6.3836E-03 6.7159E-03 7.0767E-03 7.4524E-03 7.8211E-03 8.1628E-03 8.4650E-03 8.7262E-03 8.9650E-03 9.2144E-03 9.4920E-03 9.8177E-03 1.0188E-02 1.0594E-02 1.1043E-02 1.1552E-02 1.2162E-02 1.2916E-02 1.3804E-02 1.4886E-02 1.6163E-02 1.7630E-02 1.9254E-02 2.0907E-02 2.2346E-02 2.3355E-02 2.3922E-02 2.4242E-02 2.4589E-02 2.5051E-02 2.5569E-02 2.6040E-02 2.6482E-02 2.6929E-02 2.7320E-02 2.7544E-02 2.7509E-02 2.7139E-02 2.6372E-02 2.5248E-02 2.4023E-02 2.2947E-02 2.2129E-02 2.1492E-02 2.0870E-02 2.0153E-02 1.9314E-02 1.8396E-02 1.7450E-02 1.6517E-02 1.5604E-02 1.4718E-02 1.3842E-02 1.2994E-02
5.5343E-03 5.7645E-03 6.0123E-03 6.2870E-03 6.5999E-03 6.9501E-03 7.3299E-03 7.7220E-03 8.1028E-03 8.4551E-03 8.7578E-03 9.0275E-03 9.2857E-03 9.5620E-03 9.8815E-03 1.0248E-02 1.0662E-02 1.1119E-02 1.1631E-02 1.2241E-02 1.2986E-02 1.3882E-02 1.4984E-02 1.6300E-02 1.7833E-02 1.9553E-02 2.1363E-02 2.3029E-02 2.4284E-02 2.5031E-02 2.5426E-02 2.5773E-02 2.6225E-02 2.6755E-02 2.7258E-02 2.7720E-02 2.8186E-02 2.8602E-02 2.8838E-02 2.8792E-02 2.8404E-02 2.7581E-02 2.6376E-02 2.5054E-02 2.3902E-02 2.3027E-02 2.2335E-02 2.1641E-02 2.0839E-02 1.9922E-02 1.8913E-02 1.7893E-02 1.6892E-02 1.5919E-02 1.4972E-02 1.4036E-02 1.3155E-02
5.4722E-03 5.7018E-03 5.9429E-03 6.2071E-03 6.4996E-03 6.8256E-03 7.1910E-03 7.5891E-03 7.9988E-03 8.3932E-03 8.7556E-03 9.0746E-03 9.3602E-03 9.6475E-03 9.9597E-03 1.0326E-02 1.0743E-02 1.1211E-02 1.1729E-02 1.2339E-02 1.3077E-02 1.3975E-02 1.5087E-02 1.6440E-02 1.8024E-02 1.9823E-02 2.1741E-02 2.3584E-02 2.5066E-02 2.6047E-02 2.6606E-02 2.7010E-02 2.7460E-02 2.8004E-02 2.8548E-02 2.9055E-02 2.9562E-02 3.0013E-02 3.0263E-02 3.0213E-02 2.9802E-02 2.8919E-02 2.7611E-02 2.6176E-02 2.4925E-02 2.3976E-02 2.3221E-02 2.2458E-02 2.1559E-02 2.0533E-02 1.9424E-02 1.8306E-02 1.7227E-02 1.6200E-02 1.5199E-02 1.4217E-02 1.3306E-02
5.3967E-03 5.6324E-03 5.8766E-03 6.1376E-03 6.4106E-03 6.7160E-03 7.0571E-03 7.4408E-03 7.8571E-03 8.2891E-03 8.7040E-03 9.0865E-03 9.4239E-03 9.7363E-03 1.0061E-02 1.0422E-02 1.0842E-02 1.1314E-02 1.1847E-02 1.2461E-02 1.3193E-02 1.4081E-02 1.5200E-02 1.6584E-02 1.8207E-02 2.0054E-02 2.2037E-02 2.4033E-02 2.5785E-02 2.7057E-02 2.7831E-02 2.8318E-02 2.8770E-02 2.9326E-02 2.9928E-02 3.0505E-02 3.1064E-02 3.1561E-02 3.1830E-02 3.1777E-02 3.1338E-02 3.0393E-02 2.8970E-02 2.7404E-02 2.6038E-02 2.4999E-02 2.4173E-02 2.3328E-02 2.2329E-02 2.1178E-02 1.9952E-02 1.8730E-02 1.7564E-02 1.6470E-02 1.5413E-02 1.4394E-02 1.3459E-02
5.3123E-03 5.5505E-03 5.8062E-03 6.0645E-03 6.3359E-03 6.6213E-03 6.9357E-03 7.2940E-03 7.7007E-03 8.1455E-03 8.6043E-03 9.0465E-03 9.4536E-03 9.8195E-03 1.0167E-02 1.0538E-02 1.0954E-02 1.1438E-02 1.1982E-02 1.2608E-02 1.3338E-02 1.4214E-02 1.5333E-02 1.6712E-02 1.8368E-02 2.0254E-02 2.2309E-02 2.4447E-02 2.6460E-02 2.8054E-02 2.9098E-02 2.9718E-02 3.0202E-02 3.0764E-02 3.1415E-02 3.2064E-02 3.2692E-02 3.3247E-02 3.3547E-02 3.3493E-02 3.3033E-02 3.2015E-02 3.0461E-02 2.8742E-02 2.7255E-02 2.6122E-02 2.5206E-02 2.4261E-02 2.3137E-02 2.1853E-02 2.0496E-02 1.9159E-02 1.7904E-02 1.6732E-02 1.5613E-02 1.4549E-02 1.3608E-02
5.2209E-03 5.4616E-03 5.7174E-03 5.9855E-03 6.2540E-03 6.5329E-03 6.8311E-03 7.1633E-03 7.5464E-03 7.9844E-03 8.4644E-03 8.9581E-03 9.4369E-03 9.8765E-03 1.0275E-02 1.0666E-02 1.1093E-02 1.1581E-02 1.2147E-02 1.2787E-02 1.3532E-02 1.4390E-02 1.5486E-02 1.6872E-02 1.8563E-02 2.0500E-02 2.2616E-02 2.4853E-02 2.7076E-02 2.9012E-02 3.0398E-02 3.1221E-02 3.1760E-02 3.2333E-02 3.3025E-02 3.3755E-02 3.4457E-02 3.5073E-02 3.5415E-02 3.5378E-02 3.4898E-02 3.3799E-02 3.2092E-02 3.0194E-02 2.8570E-02 2.7336E-02 2.6326E-02 2.5258E-02 2.3987E-02 2.2548E-02 2.1053E-02 1.9602E-02 1.8256E-02 1.7004E-02 1.5814E-02 1.4722E-02 1.3771E-02
5.1248E-03 5.3654E-03 5.6208E-03 5.8879E-03 6.1616E-03 6.4411E-03 6.7391E-03 7.0557E-03 7.4135E-03 7.8292E-03 8.3033E-03 8.8277E-03 9.3644E-03 9.8825E-03 1.0357E-02 1.0803E-02 1.1252E-02 1.1754E-02 1.2335E-02 1.3009E-02 1.3768E-02 1.4632E-02 1.5708E-02 1.7096E-02 1.8809E-02 2.0797E-02 2.2975E-02 2.5278E-02 2.7678E-02 2.9942E-02 3.1702E-02 3.2790E-02 3.3431E-02 3.4034E-02 3.4767E-02 3.5573E-02 3.6357E-02 3.7039E-02 3.7427E-02 3.7405E-02 3.6909E-02 3.5722E-02 3.3843E-02 3.1740E-02 2.9975E-02 2.8646E-02 2.7526E-02 2.6317E-02 2.4880E-02 2.3275E-02 2.1633E-02 2.0065E-02 1.8628E-02 1.7286E-02 1.6031E-02 1.4901E-02 1.3966E-02
5.0381E-03 5.2667E-03 5.5156E-03 5.7770E-03 6.0531E-03 6.3443E-03 6.6441E-03 6.9587E-03 7.3017E-03 7.6931E-03 8.1449E-03 8.6646E-03 9.2338E-03 9.8136E-03 1.0375E-02 1.0903E-02 1.1402E-02 1.1922E-02 1.2517E-02 1.3211E-02 1.4015E-02 1.4914E-02 1.5989E-02 1.7351E-02 1.9079E-02 2.1117E-02 2.3364E-02 2.5746E-02 2.8279E-02 3.0828E-02 3.2985E-02 3.4410E-02 3.5214E-02 3.5845E-02 3.6619E-02 3.7503E-02 3.8381E-02 3.9142E-02 3.9578E-02 3.9569E-02 3.9054E-02 3.7778E-02 3.5713E-02 3.3404E-02 3.1485E-02 3.0053E-02 2.8818E-02 2.7445E-02 2.5806E-02 2.4020E-02 2.2227E-02 2.0553E-02 1.9021E-02 1.7578E-02 1.6248E-02 1.5092E-02 1.4183E-02
4.9609E-03 5.1744E-03 5.4080E-03 5.6631E-03 5.9391E-03 6.2279E-03 6.5393E-03 6.8616E-03 7.2098E-03 7.5853E-03 8.0126E-03 8.5103E-03 9.0789E-03 9.7000E-03 1.0339E-02 1.0962E-02 1.1546E-02 1.2109E-02 1.2733E-02 1.3474E-02 1.4331E-02 1.5269E-02 1.6359E-02 1.7693E-02 1.9405E-02 2.1482E-02 2.3812E-02 2.6280E-02 2.8905E-02 3.1687E-02 3.4238E-02 3.6065E-02 3.7080E-02 3.7754E-02 3.8555E-02 3.9518E-02 4.0497E-02 4.1332E-02 4.1813E-02 4.1817E-02 4.1271E-02 3.9912E-02 3.7674E-02 3.5143E-02 3.3057E-02 3.1525E-02 3.0163E-02 2.8609E-02 2.6764E-02 2.4777E-02 2.2840E-02 2.1060E-02 1.9431E-02 1.7881E-02 1.6483E-02 1.5315E-02 1.4451E-02
4.8944E-03 5.0926E-03 5.3095E-03 5.5530E-03 5.8192E-03 6.1105E-03 6.4197E-03 6.7579E-03 7.1173E-03 7.4962E-03 7.9119E-03 8.3877E-03 8.9334E-03 9.5653E-03 1.0258E-02 1.0965E-02 1.1653E-02 1.2312E-02 1.3000E-02 1.3788E-02 1.4697E-02 1.5699E-02 1.6833E-02 1.8151E-02 1.9821E-02 2.1898E-02 2.4273E-02 2.6809E-02 2.9512E-02 3.2459E-02 3.5373E-02 3.7656E-02 3.8986E-02 3.9746E-02 4.0541E-02 4.1559E-02 4.2645E-02 4.3575E-02 4.4105E-02 4.4087E-02 4.3503E-02 4.2061E-02 3.9662E-02 3.6925E-02 3.4670E-02 3.3018E-02 3.1520E-02 2.9781E-02 2.7712E-02 2.5520E-02 2.3450E-02 2.1579E-02 1.9846E-02 1.8188E-02 1.6739E-02 1.5587E-02 1.4775E-02
4.8379E-03 5.0259E-03 5.2315E-03 5.4575E-03 5.7074E-03 5.9865E-03 6.2992E-03 6.6426E-03 7.0140E-03 7.4075E-03 7.8298E-03 8.2932E-03 8.8249E-03 9.4423E-03 1.0152E-02 1.0926E-02 1.1718E-02 1.2506E-02 1.3284E-02 1.4139E-02 1.5104E-02 1.6181E-02 1.7370E-02 1.8711E-02 2.0329E-02 2.2364E-02 2.4742E-02 2.7334E-02 3.0096E-02 3.3121E-02 3.6309E-02 3.9074E-02 4.0833E-02 4.1779E-02 4.2572E-02 4.3584E-02 4.4742E-02 4.5768E-02 4.6344E-02 4.6280E-02 4.5602E-02 4.4071E-02 4.1588E-02 3.8716E-02 3.6282E-02 3.4484E-02 3.2839E-02 3.0915E-02 2.8616E-02 2.6234E-02 2.4037E-02 2.2079E-02 2.0238E-02 1.8493E-02 1.7020E-02 1.5909E-02 1.5164E-02
4.7870E-03 4.9728E-03 5.1683E-03 5.3808E-03 5.6164E-03 5.8802E-03 6.1821E-03 6.5230E-03 6.8960E-03 7.3061E-03 7.7449E-03 8.2213E-03 8.7516E-03 9.3553E-03 1.0056E-02 1.0857E-02 1.1731E-02 1.2632E-02 1.3548E-02 1.4494E-02 1.5527E-02 1.6668E-02 1.7913E-02 1.9305E-02 2.0914E-02 2.2868E-02 2.5231E-02 2.7858E-02 3.0643E-02 3.3691E-02 3.7047E-02 4.0206E-02 4.2447E-02 4.3712E-02 4.4568E-02 4.5580E-02 4.6796E-02 4.7926E-02 4.8588E-02 4.8528E-02 4.7784E-02 4.6154E-02 4.3539E-02 4.0483E-02 3.7870E-02 3.5889E-02 3.4053E-02 3.1913E-02 2.9419E-02 2.6886E-02 2.4602E-02 2.2549E-02 2.0592E-02 1.8780E-02 1.7328E-02 1.6281E-02 1.5607E-02
4.7370E-03 4.9232E-03 5.1173E-03 5.3239E-03 5.5474E-03 5.7984E-03 6.0858E-03 6.4117E-03 6.7790E-03 7.1935E-03 7.6475E-03 8.1453E-03 8.6903E-03 9.3003E-03 9.9975E-03 1.0796E-02 1.1696E-02 1.2686E-02 1.3726E-02 1.4809E-02 1.5931E-02 1.7122E-02 1.8432E-02 1.9871E-02 2.1477E-02 2.3381E-02 2.5688E-02 2.8337E-02 3.1145E-02 3.4181E-02 3.7536E-02 4.0992E-02 4.3794E-02 4.5548E-02 4.6604E-02 4.7652E-02 4.8931E-02 5.0201E-02 5.0956E-02 5.0928E-02 5.0131E-02 4.8414E-02 4.5602E-02 4.2334E-02 3.9536E-02 3.7379E-02 3.5329E-02 3.2923E-02 3.0186E-02 2.7499E-02 2.5119E-02 2.2968E-02 2.0913E-02 1.9078E-02 1.7669E-02 1.6719E-02 1.6112E-02
4.6912E-03 4.8767E-03 5.0715E-03 5.2801E-03 5.5020E-03 5.7447E-03 6.0182E-03 6.3248E-03 6.6777E-03 7.0843E-03 7.5377E-03 8.0508E-03 8.6217E-03 9.2624E-03 9.9704E-03 1.0763E-02 1.1669E-02 1.2688E-02 1.3821E-02 1.5031E-02 1.6280E-02 1.7549E-02 1.8891E-02 2.0370E-02 2.1977E-02 2.3838E-02 2.6033E-02 2.8617E-02 3.1446E-02 3.4520E-02 3.7937E-02 4.1667E-02 4.5044E-02 4.7372E-02 4.8744E-02 4.9871E-02 5.1247E-02 5.2664E-02 5.3538E-02 5.3542E-02 5.2715E-02 5.0879E-02 4.7833E-02 4.4307E-02 4.1332E-02 3.8997E-02 3.6699E-02 3.3977E-02 3.0971E-02 2.8114E-02 2.5621E-02 2.3343E-02 2.1191E-02 1.9359E-02 1.8041E-02 1.7214E-02 1.6659E-02
4.6452E-03 4.8366E-03 5.0339E-03 5.2462E-03 5.4730E-03 5.7159E-03 5.9767E-03 6.2720E-03 6.6082E-03 6.9936E-03 7.4353E-03 7.9543E-03 8.5446E-03 9.2162E-03 9.9573E-03 1.0771E-02 1.1668E-02 1.2678E-02 1.3833E-02 1.5136E-02 1.6517E-02 1.7906E-02 1.9293E-02 2.0783E-02 2.2396E-02 2.4182E-02 2.6260E-02 2.8756E-02 3.1677E-02 3.4866E-02 3.8400E-02 4.2339E-02 4.6267E-02 4.9272E-02 5.1065E-02 5.2327E-02 5.3784E-02 5.5357E-02 5.6383E-02 5.6427E-02 5.5554E-02 5.3586E-02 5.0259E-02 4.6440E-02 4.3279E-02 4.0765E-02 3.8195E-02 3.5103E-02 3.1793E-02 2.8770E-02 2.6134E-02 2.3683E-02 2.1467E-02 1.9669E-02 1.8463E-02 1.7729E-02 1.7240E-02
4.6011E-03 4.7953E-03 4.9970E-03 5.2145E-03 5.4487E-03 5.7005E-03 5.9657E-03 6.2591E-03 6.5815E-03 6.9470E-03 7.3698E-03 7.8699E-03 8.4678E-03 9.1504E-03 9.9316E-03 1.0785E-02 1.1695E-02 1.2683E-02 1.3805E-02 1.5116E-02 1.6569E-02 1.8087E-02 1.9589E-02 2.1104E-02 2.2704E-02 2.4434E-02 2.6476E-02 2.8890E-02 3.1834E-02 3.5173E-02 3.8850E-02 4.3000E-02 4.7446E-02 5.1250E-02 5.3628E-02 5.5080E-02 5.6624E-02 5.8362E-02 5.9566E-02 5.9640E-02 5.8723E-02 5.6621E-02 5.2963E-02 4.8797E-02 4.5453E-02 4.2741E-02 3.9804E-02 3.6291E-02 3.2680E-02 2.9494E-02 2.6684E-02 2.4040E-02 2.1761E-02 2.0048E-02 1.8973E-02 1.8318E-02 1.7841E-02
4.5457E-03 4.7519E-03 4.9654E-03 5.1916E-03 5.4332E-03 5.6889E-03 5.9664E-03 6.2675E-03 6.5901E-03 6.9460E-03 7.3517E-03 7.8352E-03 8.4084E-03 9.0947E-03 9.8838E-03 1.0770E-02 1.1712E-02 1.2717E-02 1.3794E-02 1.5028E-02 1.6447E-02 1.8035E-02 1.9643E-02 2.1203E-02 2.2843E-02 2.4634E-02 2.6676E-02 2.9049E-02 3.1970E-02 3.5454E-02 3.9314E-02 4.3664E-02 4.8556E-02 5.3186E-02 5.6352E-02 5.8128E-02 5.9733E-02 6.1642E-02 6.3036E-02 6.3165E-02 6.2209E-02 5.9959E-02 5.5932E-02 5.1370E-02 4.7825E-02 4.4887E-02 4.1520E-02 3.7517E-02 3.3625E-02 3.0262E-02 2.7234E-02 2.4422E-02 2.2123E-02 2.0556E-02 1.9573E-02 1.8954E-02 1.8490E-02
4.4814E-03 4.6928E-03 4.9195E-03 5.1592E-03 5.4121E-03 5.6826E-03 5.9691E-03 6.2782E-03 6.6097E-03 6.9755E-03 7.3837E-03 7.8594E-03 8.4126E-03 9.0716E-03 9.8468E-03 1.0727E-02 1.1704E-02 1.2747E-02 1.3815E-02 1.4984E-02 1.6309E-02 1.7830E-02 1.9477E-02 2.1179E-02 2.2932E-02 2.4812E-02 2.6889E-02 2.9296E-02 3.2202E-02 3.5775E-02 3.9854E-02 4.4394E-02 4.9590E-02 5.4993E-02 5.9177E-02 6.1490E-02 6.3158E-02 6.5207E-02 6.6840E-02 6.7012E-02 6.5959E-02 6.3545E-02 5.9117E-02 5.4137E-02 5.0375E-02 4.7192E-02 4.3293E-02 3.8774E-02 3.4632E-02 3.1076E-02 2.7768E-02 2.4826E-02 2.2598E-02 2.1178E-02 2.0299E-02 1.9669E-02 1.9191E-02
4.4256E-03 4.6416E-03 4.8742E-03 5.1223E-03 5.3878E-03 5.6698E-03 5.9722E-03 6.2897E-03 6.6313E-03 7.0179E-03 7.4466E-03 7.9330E-03 8.4784E-03 9.1049E-03 9.8360E-03 1.0688E-02 1.1645E-02 1.2693E-02 1.3797E-02 1.4949E-02 1.6176E-02 1.7580E-02 1.9209E-02 2.1004E-02 2.2901E-02 2.4896E-02 2.7054E-02 2.9527E-02 3.2465E-02 3.6079E-02 4.0373E-02 4.5143E-02 5.0518E-02 5.6527E-02 6.1851E-02 6.4986E-02 6.6808E-02 6.8903E-02 7.0768E-02 7.1001E-02 6.9818E-02 6.7210E-02 6.2377E-02 5.7001E-02 5.3041E-02 4.9547E-02 4.5034E-02 4.0035E-02 3.5689E-02 3.1875E-02 2.8271E-02 2.5273E-02 2.3215E-02 2.1940E-02 2.1102E-02 2.0460E-02 1.9908E-02
4.3883E-03 4.6042E-03 4.8381E-03 5.0882E-03 5.3585E-03 5.6472E-03 5.9550E-03 6.2869E-03 6.6541E-03 7.0598E-03 7.5144E-03 8.0211E-03 8.5783E-03 9.1953E-03 9.8917E-03 1.0678E-02 1.1579E-02 1.2587E-02 1.3692E-02 1.4845E-02 1.6028E-02 1.7348E-02 1.8901E-02 2.0728E-02 2.2757E-02 2.4917E-02 2.7181E-02 2.9685E-02 3.2660E-02 3.6275E-02 4.0748E-02 4.5825E-02 5.1381E-02 5.7739E-02 6.4120E-02 6.8352E-02 7.0507E-02 7.2623E-02 7.4621E-02 7.4947E-02 7.3638E-02 7.0792E-02 6.5580E-02 5.9872E-02 5.5728E-02 5.1815E-02 4.6646E-02 4.1252E-02 3.6693E-02 3.2553E-02 2.8740E-02 2.5829E-02 2.3989E-02 2.2850E-02 2.1987E-02 2.1304E-02 2.0635E-02
4.3680E-03 4.5865E-03 4.8210E-03 5.0663E-03 5.3319E-03 5.6145E-03 5.9180E-03 6.2612E-03 6.6510E-03 7.0833E-03 7.5660E-03 8.0995E-03 8.6876E-03 9.3226E-03 1.0005E-02 1.0749E-02 1.1566E-02 1.2491E-02 1.3518E-02 1.4624E-02 1.5843E-02 1.7163E-02 1.8651E-02 2.0410E-02 2.2500E-02 2.4803E-02 2.7211E-02 2.9788E-02 3.2739E-02 3.6343E-02 4.0840E-02 4.6210E-02 5.2094E-02 5.8667E-02 6.5747E-02 7.1298E-02 7.4123E-02 7.6198E-02 7.8190E-02 7.8646E-02 7.7193E-02 7.4071E-02 6.8591E-02 6.2659E-02 5.8285E-02 5.3806E-02 4.8007E-02 4.2346E-02 3.7555E-02 3.3059E-02 2.9165E-02 2.6540E-02 2.4954E-02 2.3858E-02 2.2981E-02 2.2202E-02 2.1378E-02
