inst/extdata/rank(0)_odor_8760hr_conc.grd
DSAA
         101         101
     737.625     742.625
    5081.125    5086.125
  0.1659E-02  0.2660E+02
[rows 50 to 74 of 101, columns 0 to 56 of 101]
1.4261E-02 1.5178E-02 1.6092E-02 1.7052E-02 1.8041E-02 1.9080E-02 2.0158E-02 2.1299E-02 2.2482E-02 2.3722E-02 2.5033E-02 2.6431E-02 2.7928E-02 2.9529E-02 3.1266E-02 3.3157E-02 3.5215E-02 3.7423E-02 3.9832E-02 4.2459E-02 4.5362E-02 4.8567E-02 5.2058E-02 5.5923E-02 6.0249E-02 6.5132E-02 7.0733E-02 7.7061E-02 8.4296E-02 9.2642E-02 1.0223E-01 1.1329E-01 1.2651E-01 1.4137E-01 1.5946E-01 1.8068E-01 2.0589E-01 2.3720E-01 2.7610E-01 3.2495E-01 3.8980E-01 4.8286E-01 6.1851E-01 8.2305E-01 1.1336E+00 1.6140E+00 2.3719E+00 3.3008E+00 3.9410E+00 4.0994E+00 3.2762E+00 1.9453E+00 1.2138E+00 8.3174E-01 6.0068E-01 4.5200E-01 3.5186E-01
1.3865E-02 1.4742E-02 1.5642E-02 1.6567E-02 1.7518E-02 1.8515E-02 1.9563E-02 2.0660E-02 2.1800E-02 2.2980E-02 2.4234E-02 2.5563E-02 2.6991E-02 2.8526E-02 3.0170E-02 3.1972E-02 3.3917E-02 3.5996E-02 3.8264E-02 4.0747E-02 4.3474E-02 4.6463E-02 4.9730E-02 5.3339E-02 5.7368E-02 6.1911E-02 6.7084E-02 7.2903E-02 7.9585E-02 8.7204E-02 9.5909E-02 1.0608E-01 1.1773E-01 1.3106E-01 1.4708E-01 1.6557E-01 1.8748E-01 2.1440E-01 2.4804E-01 2.8972E-01 3.4578E-01 4.2645E-01 5.4532E-01 7.2600E-01 1.0124E+00 1.5000E+00 2.4562E+00 4.3482E+00 7.1214E+00 7.9896E+00 4.2079E+00 2.0131E+00 1.2477E+00 8.5532E-01 6.1541E-01 4.6020E-01 3.5629E-01
1.3471E-02 1.4318E-02 1.5180E-02 1.6080E-02 1.6998E-02 1.7956E-02 1.8966E-02 2.0017E-02 2.1103E-02 2.2238E-02 2.3430E-02 2.4701E-02 2.6057E-02 2.7518E-02 2.9081E-02 3.0781E-02 3.2592E-02 3.4574E-02 3.6709E-02 3.9036E-02 4.1576E-02 4.4357E-02 4.7383E-02 5.0748E-02 5.4463E-02 5.8670E-02 6.3390E-02 6.8708E-02 7.4750E-02 8.1705E-02 8.9432E-02 9.8569E-02 1.0882E-01 1.2059E-01 1.3435E-01 1.5029E-01 1.6900E-01 1.9164E-01 2.1960E-01 2.5455E-01 3.0112E-01 3.6658E-01 4.6185E-01 6.0352E-01 8.2502E-01 1.1962E+00 1.9420E+00 3.7794E+00 1.1206E+01 2.6603E+01 4.0800E+00 1.9735E+00 1.2471E+00 8.6036E-01 6.2053E-01 4.6425E-01 3.5903E-01
1.3079E-02 1.3889E-02 1.4727E-02 1.5593E-02 1.6488E-02 1.7407E-02 1.8361E-02 1.9369E-02 2.0413E-02 2.1500E-02 2.2637E-02 2.3839E-02 2.5127E-02 2.6507E-02 2.7994E-02 2.9572E-02 3.1293E-02 3.3156E-02 3.5153E-02 3.7315E-02 3.9677E-02 4.2257E-02 4.5057E-02 4.8164E-02 5.1580E-02 5.5375E-02 5.9674E-02 6.4457E-02 6.9924E-02 7.6008E-02 8.2959E-02 9.0864E-02 9.9865E-02 1.1018E-01 1.2184E-01 1.3542E-01 1.5104E-01 1.6999E-01 1.9254E-01 2.2100E-01 2.5840E-01 3.0878E-01 3.7994E-01 4.8165E-01 6.3220E-01 8.6049E-01 1.2512E+00 1.9943E+00 4.5624E+00 7.3471E+00 3.3305E+00 1.8289E+00 1.1899E+00 8.3301E-01 6.0728E-01 4.5789E-01 3.5599E-01
1.2679E-02 1.3460E-02 1.4273E-02 1.5100E-02 1.5958E-02 1.6852E-02 1.7758E-02 1.8717E-02 1.9719E-02 2.0755E-02 2.1841E-02 2.2976E-02 2.4196E-02 2.5504E-02 2.6894E-02 2.8377E-02 2.9989E-02 3.1727E-02 3.3594E-02 3.5604E-02 3.7802E-02 4.0162E-02 4.2728E-02 4.5563E-02 4.8658E-02 5.2086E-02 5.5981E-02 6.0258E-02 6.5081E-02 7.0403E-02 7.6528E-02 8.3328E-02 9.1087E-02 1.0001E-01 1.0985E-01 1.2127E-01 1.3418E-01 1.4951E-01 1.6760E-01 1.9050E-01 2.1934E-01 2.5670E-01 3.0704E-01 3.7631E-01 4.7242E-01 6.0187E-01 7.8522E-01 1.0147E+00 1.3215E+00 1.8437E+00 1.7198E+00 1.3285E+00 9.8453E-01 7.3388E-01 5.5521E-01 4.3001E-01 3.4049E-01
1.2274E-02 1.3027E-02 1.3805E-02 1.4600E-02 1.5418E-02 1.6279E-02 1.7149E-02 1.8061E-02 1.9009E-02 2.0002E-02 2.1034E-02 2.2115E-02 2.3258E-02 2.4481E-02 2.5782E-02 2.7173E-02 2.8678E-02 3.0301E-02 3.2034E-02 3.3886E-02 3.5891E-02 3.8066E-02 4.0428E-02 4.2977E-02 4.5755E-02 4.8864E-02 5.2280E-02 5.6080E-02 6.0276E-02 6.4976E-02 7.0230E-02 7.6026E-02 8.2678E-02 9.0207E-02 9.8557E-02 1.0806E-01 1.1848E-01 1.3088E-01 1.4528E-01 1.6320E-01 1.8493E-01 2.1190E-01 2.4662E-01 2.9217E-01 3.5208E-01 4.2762E-01 5.2405E-01 6.3262E-01 7.6219E-01 9.0341E-01 9.4212E-01 8.6485E-01 7.2847E-01 5.9038E-01 4.7290E-01 3.8170E-01 3.1151E-01
1.1864E-02 1.2592E-02 1.3329E-02 1.4097E-02 1.4882E-02 1.5703E-02 1.6537E-02 1.7399E-02 1.8299E-02 1.9241E-02 2.0220E-02 2.1238E-02 2.2314E-02 2.3465E-02 2.4676E-02 2.5971E-02 2.7361E-02 2.8862E-02 3.0451E-02 3.2162E-02 3.3979E-02 3.5969E-02 3.8098E-02 4.0402E-02 4.2910E-02 4.5669E-02 4.8655E-02 5.1996E-02 5.5670E-02 5.9700E-02 6.4167E-02 6.9147E-02 7.4790E-02 8.1032E-02 8.8026E-02 9.5852E-02 1.0436E-01 1.1401E-01 1.2541E-01 1.3910E-01 1.5511E-01 1.7428E-01 1.9837E-01 2.2924E-01 2.6898E-01 3.1792E-01 3.7847E-01 4.4598E-01 5.1738E-01 5.7783E-01 6.0025E-01 5.8250E-01 5.2720E-01 4.5564E-01 3.8550E-01 3.2510E-01 2.7523E-01
1.1453E-02 1.2144E-02 1.2855E-02 1.3588E-02 1.4344E-02 1.5116E-02 1.5915E-02 1.6734E-02 1.7584E-02 1.8470E-02 1.9392E-02 2.0363E-02 2.1369E-02 2.2441E-02 2.3560E-02 2.4747E-02 2.6033E-02 2.7412E-02 2.8869E-02 3.0436E-02 3.2098E-02 3.3874E-02 3.5795E-02 3.7859E-02 4.0074E-02 4.2517E-02 4.5164E-02 4.8051E-02 5.1235E-02 5.4676E-02 5.8485E-02 6.2693E-02 6.7432E-02 7.2621E-02 7.8409E-02 8.4790E-02 9.1744E-02 9.9389E-02 1.0815E-01 1.1840E-01 1.3037E-01 1.4411E-01 1.6128E-01 1.8241E-01 2.0908E-01 2.4224E-01 2.8176E-01 3.2428E-01 3.6517E-01 3.9632E-01 4.0901E-01 4.0505E-01 3.8168E-01 3.4645E-01 3.0787E-01 2.7082E-01 2.3771E-01
1.1044E-02 1.1700E-02 1.2380E-02 1.3079E-02 1.3800E-02 1.4529E-02 1.5285E-02 1.6068E-02 1.6876E-02 1.7708E-02 1.8569E-02 1.9481E-02 2.0410E-02 2.1403E-02 2.2443E-02 2.3537E-02 2.4719E-02 2.5965E-02 2.7318E-02 2.8731E-02 3.0228E-02 3.1836E-02 3.3542E-02 3.5359E-02 3.7337E-02 3.9490E-02 4.1790E-02 4.4279E-02 4.7021E-02 4.9993E-02 5.3194E-02 5.6733E-02 6.0671E-02 6.4982E-02 6.9725E-02 7.4979E-02 8.0625E-02 8.6683E-02 9.3532E-02 1.0118E-01 1.1018E-01 1.2061E-01 1.3304E-01 1.4814E-01 1.6687E-01 1.8956E-01 2.1479E-01 2.4132E-01 2.6550E-01 2.8337E-01 2.9149E-01 2.9207E-01 2.8267E-01 2.6615E-01 2.4537E-01 2.2383E-01 2.0291E-01
1.0626E-02 1.1255E-02 1.1900E-02 1.2561E-02 1.3244E-02 1.3941E-02 1.4658E-02 1.5392E-02 1.6153E-02 1.6939E-02 1.7747E-02 1.8587E-02 1.9453E-02 2.0363E-02 2.1328E-02 2.2333E-02 2.3399E-02 2.4549E-02 2.5756E-02 2.7042E-02 2.8406E-02 2.9830E-02 3.1352E-02 3.2968E-02 3.4729E-02 3.6591E-02 3.8579E-02 4.0722E-02 4.3062E-02 4.5572E-02 4.8319E-02 5.1291E-02 5.4525E-02 5.8132E-02 6.2037E-02 6.6296E-02 7.0936E-02 7.5854E-02 8.1333E-02 8.7323E-02 9.3991E-02 1.0218E-01 1.1177E-01 1.2316E-01 1.3683E-01 1.5259E-01 1.6885E-01 1.8551E-01 2.0030E-01 2.1134E-01 2.1720E-01 2.1921E-01 2.1609E-01 2.0862E-01 1.9782E-01 1.8516E-01 1.7252E-01
1.0214E-02 1.0808E-02 1.1422E-02 1.2044E-02 1.2694E-02 1.3355E-02 1.4028E-02 1.4718E-02 1.5424E-02 1.6159E-02 1.6916E-02 1.7684E-02 1.8484E-02 1.9328E-02 2.0213E-02 2.1135E-02 2.2117E-02 2.3146E-02 2.4245E-02 2.5409E-02 2.6615E-02 2.7890E-02 2.9252E-02 3.0684E-02 3.2207E-02 3.3821E-02 3.5556E-02 3.7381E-02 3.9371E-02 4.1526E-02 4.3838E-02 4.6350E-02 4.9061E-02 5.1987E-02 5.5256E-02 5.8827E-02 6.2573E-02 6.6760E-02 7.1177E-02 7.6012E-02 8.1299E-02 8.7885E-02 9.5542E-02 1.0440E-01 1.1460E-01 1.2591E-01 1.3692E-01 1.4769E-01 1.5719E-01 1.6450E-01 1.6880E-01 1.7114E-01 1.7068E-01 1.6722E-01 1.6160E-01 1.5429E-01 1.4679E-01
9.7923E-03 1.0365E-02 1.0948E-02 1.1541E-02 1.2144E-02 1.2765E-02 1.3393E-02 1.4042E-02 1.4699E-02 1.5380E-02 1.6076E-02 1.6798E-02 1.7529E-02 1.8304E-02 1.9113E-02 1.9966E-02 2.0848E-02 2.1791E-02 2.2785E-02 2.3818E-02 2.4893E-02 2.6024E-02 2.7219E-02 2.8489E-02 2.9823E-02 3.1221E-02 3.2718E-02 3.4310E-02 3.6011E-02 3.7821E-02 3.9783E-02 4.1925E-02 4.4220E-02 4.6696E-02 4.9462E-02 5.2425E-02 5.5624E-02 5.9189E-02 6.3039E-02 6.7188E-02 7.1674E-02 7.7136E-02 8.3445E-02 9.0531E-02 9.8337E-02 1.0662E-01 1.1462E-01 1.2240E-01 1.2920E-01 1.3465E-01 1.3851E-01 1.4051E-01 1.4065E-01 1.3897E-01 1.3571E-01 1.3116E-01 1.2685E-01
9.3796E-03 9.9224E-03 1.0471E-02 1.1027E-02 1.1594E-02 1.2176E-02 1.2774E-02 1.3369E-02 1.3980E-02 1.4606E-02 1.5253E-02 1.5913E-02 1.6606E-02 1.7311E-02 1.8056E-02 1.8821E-02 1.9630E-02 2.0475E-02 2.1360E-02 2.2285E-02 2.3247E-02 2.4254E-02 2.5312E-02 2.6417E-02 2.7593E-02 2.8798E-02 3.0103E-02 3.1479E-02 3.2955E-02 3.4514E-02 3.6202E-02 3.8009E-02 3.9988E-02 4.2126E-02 4.4445E-02 4.6983E-02 4.9774E-02 5.2821E-02 5.6236E-02 5.9848E-02 6.3778E-02 6.8464E-02 7.3639E-02 7.9315E-02 8.5358E-02 9.1712E-02 9.7685E-02 1.0348E-01 1.0873E-01 1.1306E-01 1.1626E-01 1.1782E-01 1.1818E-01 1.1742E-01 1.1536E-01 1.1243E-01 1.1024E-01
8.9722E-03 9.4785E-03 9.9978E-03 1.0521E-02 1.1056E-02 1.1599E-02 1.2152E-02 1.2706E-02 1.3275E-02 1.3849E-02 1.4448E-02 1.5055E-02 1.5690E-02 1.6356E-02 1.7020E-02 1.7728E-02 1.8458E-02 1.9212E-02 2.0007E-02 2.0826E-02 2.1677E-02 2.2570E-02 2.3521E-02 2.4491E-02 2.5513E-02 2.6597E-02 2.7708E-02 2.8912E-02 3.0206E-02 3.1573E-02 3.3028E-02 3.4593E-02 3.6295E-02 3.8139E-02 4.0135E-02 4.2348E-02 4.4847E-02 4.7512E-02 5.0432E-02 5.3704E-02 5.7203E-02 6.1256E-02 6.5596E-02 7.0204E-02 7.4971E-02 7.9876E-02 8.4634E-02 8.9050E-02 9.3025E-02 9.6513E-02 9.9071E-02 1.0057E-01 1.0098E-01 1.0061E-01 9.9365E-02 9.7411E-02 9.6420E-02
8.5795E-03 9.0487E-03 9.5322E-03 1.0027E-02 1.0526E-02 1.1030E-02 1.1546E-02 1.2064E-02 1.2586E-02 1.3117E-02 1.3667E-02 1.4232E-02 1.4811E-02 1.5418E-02 1.6047E-02 1.6668E-02 1.7327E-02 1.8017E-02 1.8719E-02 1.9446E-02 2.0202E-02 2.1003E-02 2.1838E-02 2.2716E-02 2.3618E-02 2.4561E-02 2.5556E-02 2.6614E-02 2.7747E-02 2.8942E-02 3.0230E-02 3.1620E-02 3.3119E-02 3.4719E-02 3.6483E-02 3.8446E-02 4.0639E-02 4.2965E-02 4.5556E-02 4.8427E-02 5.1539E-02 5.5121E-02 5.8792E-02 6.2620E-02 6.6492E-02 7.0369E-02 7.4127E-02 7.7650E-02 8.0816E-02 8.3596E-02 8.5827E-02 8.7009E-02 8.7474E-02 8.7328E-02 8.6503E-02 8.4994E-02 8.4826E-02
8.1809E-03 8.6251E-03 9.0753E-03 9.5367E-03 1.0006E-02 1.0469E-02 1.0946E-02 1.1431E-02 1.1917E-02 1.2410E-02 1.2913E-02 1.3423E-02 1.3955E-02 1.4509E-02 1.5076E-02 1.5664E-02 1.6256E-02 1.6880E-02 1.7510E-02 1.8161E-02 1.8844E-02 1.9546E-02 2.0287E-02 2.1069E-02 2.1883E-02 2.2724E-02 2.3594E-02 2.4530E-02 2.5549E-02 2.6620E-02 2.7752E-02 2.9004E-02 3.0362E-02 3.1820E-02 3.3352E-02 3.5077E-02 3.6995E-02 3.9111E-02 4.1420E-02 4.3931E-02 4.6676E-02 4.9687E-02 5.2935E-02 5.6148E-02 5.9326E-02 6.2444E-02 6.5512E-02 6.8333E-02 7.0924E-02 7.3233E-02 7.5139E-02 7.6269E-02 7.6729E-02 7.6604E-02 7.6044E-02 7.4898E-02 7.5117E-02
7.8010E-03 8.2105E-03 8.6302E-03 9.0587E-03 9.4885E-03 9.9330E-03 1.0371E-02 1.0821E-02 1.1270E-02 1.1727E-02 1.2189E-02 1.2658E-02 1.3147E-02 1.3656E-02 1.4160E-02 1.4695E-02 1.5251E-02 1.5801E-02 1.6377E-02 1.6965E-02 1.7584E-02 1.8207E-02 1.8874E-02 1.9561E-02 2.0293E-02 2.1046E-02 2.1838E-02 2.2671E-02 2.3581E-02 2.4554E-02 2.5606E-02 2.6735E-02 2.7958E-02 2.9284E-02 3.0680E-02 3.2232E-02 3.3948E-02 3.5801E-02 3.7830E-02 4.0036E-02 4.2369E-02 4.4941E-02 4.7641E-02 5.0366E-02 5.3126E-02 5.5790E-02 5.8315E-02 6.0613E-02 6.2725E-02 6.4638E-02 6.6237E-02 6.7470E-02 6.8083E-02 6.8185E-02 6.7907E-02 6.7122E-02 6.7254E-02
7.4273E-03 7.8115E-03 8.1943E-03 8.5945E-03 8.9942E-03 9.4016E-03 9.8166E-03 1.0225E-02 1.0643E-02 1.1065E-02 1.1491E-02 1.1928E-02 1.2371E-02 1.2836E-02 1.3304E-02 1.3788E-02 1.4282E-02 1.4795E-02 1.5312E-02 1.5852E-02 1.6402E-02 1.6974E-02 1.7575E-02 1.8195E-02 1.8864E-02 1.9538E-02 2.0247E-02 2.1004E-02 2.1839E-02 2.2739E-02 2.3697E-02 2.4734E-02 2.5856E-02 2.7062E-02 2.8356E-02 2.9741E-02 3.1269E-02 3.2923E-02 3.4715E-02 3.6641E-02 3.8654E-02 4.0874E-02 4.3150E-02 4.5453E-02 4.7762E-02 4.9986E-02 5.2101E-02 5.4046E-02 5.5819E-02 5.7419E-02 5.8776E-02 5.9889E-02 6.0646E-02 6.0880E-02 6.0777E-02 6.0444E-02 6.0527E-02
7.0587E-03 7.4186E-03 7.7842E-03 8.1443E-03 8.5192E-03 8.8979E-03 9.2767E-03 9.6659E-03 1.0047E-02 1.0433E-02 1.0827E-02 1.1231E-02 1.1643E-02 1.2063E-02 1.2491E-02 1.2943E-02 1.3387E-02 1.3852E-02 1.4327E-02 1.4817E-02 1.5317E-02 1.5835E-02 1.6392E-02 1.6950E-02 1.7562E-02 1.8184E-02 1.8835E-02 1.9539E-02 2.0298E-02 2.1121E-02 2.2014E-02 2.2963E-02 2.3983E-02 2.5098E-02 2.6304E-02 2.7566E-02 2.8932E-02 3.0404E-02 3.2006E-02 3.3657E-02 3.5410E-02 3.7323E-02 3.9267E-02 4.1250E-02 4.3254E-02 4.5072E-02 4.6852E-02 4.8511E-02 4.9995E-02 5.1360E-02 5.2554E-02 5.3472E-02 5.4279E-02 5.4701E-02 5.4736E-02 5.4546E-02 5.4622E-02
6.7099E-03 7.0397E-03 7.3790E-03 7.7233E-03 8.0653E-03 8.4141E-03 8.7672E-03 9.1215E-03 9.4816E-03 9.8370E-03 1.0199E-02 1.0573E-02 1.0956E-02 1.1339E-02 1.1734E-02 1.2139E-02 1.2552E-02 1.2976E-02 1.3417E-02 1.3868E-02 1.4323E-02 1.4798E-02 1.5301E-02 1.5834E-02 1.6381E-02 1.6962E-02 1.7577E-02 1.8223E-02 1.8922E-02 1.9681E-02 2.0508E-02 2.1399E-02 2.2331E-02 2.3353E-02 2.4446E-02 2.5599E-02 2.6848E-02 2.8207E-02 2.9604E-02 3.1041E-02 3.2551E-02 3.4197E-02 3.5875E-02 3.7609E-02 3.9258E-02 4.0812E-02 4.2314E-02 4.3753E-02 4.5041E-02 4.6243E-02 4.7262E-02 4.8091E-02 4.8763E-02 4.9253E-02 4.9432E-02 4.9402E-02 4.9491E-02
6.3713E-03 6.6801E-03 6.9920E-03 7.3125E-03 7.6363E-03 7.9532E-03 8.2789E-03 8.6057E-03 8.9394E-03 9.2750E-03 9.6098E-03 9.9525E-03 1.0303E-02 1.0657E-02 1.1018E-02 1.1386E-02 1.1773E-02 1.2168E-02 1.2568E-02 1.2985E-02 1.3412E-02 1.3857E-02 1.4323E-02 1.4810E-02 1.5322E-02 1.5871E-02 1.6439E-02 1.7034E-02 1.7682E-02 1.8377E-02 1.9140E-02 1.9963E-02 2.0847E-02 2.1778E-02 2.2774E-02 2.3840E-02 2.4980E-02 2.6188E-02 2.7433E-02 2.8694E-02 3.0005E-02 3.1438E-02 3.2891E-02 3.4394E-02 3.5766E-02 3.7103E-02 3.8411E-02 3.9638E-02 4.0795E-02 4.1850E-02 4.2718E-02 4.3435E-02 4.4023E-02 4.4466E-02 4.4818E-02 4.4933E-02 4.5024E-02
6.0457E-03 6.3337E-03 6.6272E-03 6.9227E-03 7.2187E-03 7.5184E-03 7.8114E-03 8.1219E-03 8.4259E-03 8.7366E-03 9.0576E-03 9.3713E-03 9.6946E-03 1.0024E-02 1.0356E-02 1.0697E-02 1.1051E-02 1.1416E-02 1.1794E-02 1.2181E-02 1.2579E-02 1.2990E-02 1.3429E-02 1.3885E-02 1.4365E-02 1.4878E-02 1.5415E-02 1.5973E-02 1.6574E-02 1.7226E-02 1.7927E-02 1.8683E-02 1.9497E-02 2.0360E-02 2.1264E-02 2.2246E-02 2.3285E-02 2.4364E-02 2.5488E-02 2.6657E-02 2.7826E-02 2.9055E-02 3.0340E-02 3.1576E-02 3.2745E-02 3.3898E-02 3.5030E-02 3.6107E-02 3.7082E-02 3.7984E-02 3.8786E-02 3.9436E-02 3.9954E-02 4.0406E-02 4.0732E-02 4.0853E-02 4.0977E-02
5.7371E-03 6.0053E-03 6.2778E-03 6.5553E-03 6.8278E-03 7.1002E-03 7.3801E-03 7.6599E-03 7.9462E-03 8.2326E-03 8.5213E-03 8.8276E-03 9.1308E-03 9.4334E-03 9.7421E-03 1.0056E-02 1.0385E-02 1.0727E-02 1.1077E-02 1.1441E-02 1.1814E-02 1.2204E-02 1.2611E-02 1.3044E-02 1.3496E-02 1.3968E-02 1.4477E-02 1.5004E-02 1.5564E-02 1.6168E-02 1.6832E-02 1.7531E-02 1.8278E-02 1.9060E-02 1.9907E-02 2.0804E-02 2.1731E-02 2.2700E-02 2.3712E-02 2.4747E-02 2.5812E-02 2.6870E-02 2.7982E-02 2.9039E-02 3.0068E-02 3.1082E-02 3.2047E-02 3.2995E-02 3.3850E-02 3.4655E-02 3.5356E-02 3.5946E-02 3.6434E-02 3.6846E-02 3.7153E-02 3.7291E-02 3.7424E-02
5.4451E-03 5.6918E-03 5.9448E-03 6.2009E-03 6.4598E-03 6.7116E-03 6.9714E-03 7.2313E-03 7.4938E-03 7.7622E-03 8.0323E-03 8.3105E-03 8.6038E-03 8.8824E-03 9.1720E-03 9.4698E-03 9.7763E-03 1.0094E-02 1.0419E-02 1.0762E-02 1.1111E-02 1.1480E-02 1.1868E-02 1.2270E-02 1.2701E-02 1.3143E-02 1.3618E-02 1.4125E-02 1.4649E-02 1.5218E-02 1.5835E-02 1.6473E-02 1.7165E-02 1.7895E-02 1.8668E-02 1.9489E-02 2.0340E-02 2.1208E-02 2.2093E-02 2.2997E-02 2.3942E-02 2.4918E-02 2.5877E-02 2.6771E-02 2.7681E-02 2.8579E-02 2.9438E-02 3.0267E-02 3.1029E-02 3.1740E-02 3.2363E-02 3.2928E-02 3.3365E-02 3.3738E-02 3.4019E-02 3.4152E-02 3.4312E-02
5.1659E-03 5.3968E-03 5.6282E-03 5.8672E-03 6.1072E-03 6.3461E-03 6.5898E-03 6.8314E-03 7.0740E-03 7.3218E-03 7.5748E-03 7.8364E-03 8.1018E-03 8.3751E-03 8.6407E-03 8.9231E-03 9.2103E-03 9.5088E-03 9.8189E-03 1.0139E-02 1.0474E-02 1.0819E-02 1.1175E-02 1.1561E-02 1.1962E-02 1.2383E-02 1.2835E-02 1.3310E-02 1.3815E-02 1.4345E-02 1.4912E-02 1.5511E-02 1.6140E-02 1.6820E-02 1.7519E-02 1.8266E-02 1.9038E-02 1.9824E-02 2.0623E-02 2.1448E-02 2.2264E-02 2.3145E-02 2.3966E-02 2.4770E-02 2.5563E-02 2.6341E-02 2.7116E-02 2.7853E-02 2.8537E-02 2.9188E-02 2.9755E-02 3.0252E-02 3.0667E-02 3.1001E-02 3.1258E-02 3.1384E-02 3.1565E-02
