inst/extdata/rank(1)_nox_1hr_conc.grd
DSAA
         101         101
     735.634     740.634
    5071.041    5076.041
  0.3313E+00  0.2722E+02
[rows 50 to 74 of 101, columns 0 to 56 of 101]
1.1195E+00 1.1919E+00 1.2591E+00 1.3148E+00 1.3573E+00 1.3905E+00 1.4175E+00 1.4353E+00 1.4504E+00 1.4755E+00 1.5175E+00 1.5635E+00 1.6073E+00 1.6499E+00 1.6948E+00 1.7400E+00 1.7891E+00 1.8405E+00 1.8943E+00 1.9527E+00 2.0160E+00 2.0927E+00 2.1662E+00 2.2476E+00 2.3406E+00 2.4390E+00 2.5552E+00 2.6674E+00 2.7964E+00 2.9626E+00 3.1261E+00 3.3083E+00 3.4562E+00 3.5848E+00 3.6878E+00 3.8863E+00 4.1694E+00 4.4544E+00 4.7647E+00 5.0963E+00 5.4494E+00 5.7413E+00 6.4009E+00 7.3926E+00 8.7336E+00 1.0289E+01 1.1906E+01 1.3009E+01 1.3249E+01 1.3324E+01 1.3583E+01 1.5040E+01 1.9121E+01 1.9832E+01 1.8960E+01 1.5720E+01 1.1985E+01
1.1073E+00 1.1794E+00 1.2476E+00 1.3026E+00 1.3455E+00 1.3812E+00 1.4095E+00 1.4305E+00 1.4497E+00 1.4672E+00 1.4824E+00 1.5152E+00 1.5549E+00 1.5950E+00 1.6375E+00 1.6802E+00 1.7269E+00 1.7759E+00 1.8273E+00 1.8835E+00 1.9446E+00 2.0197E+00 2.0914E+00 2.1711E+00 2.2628E+00 2.3672E+00 2.4938E+00 2.6238E+00 2.7614E+00 2.9203E+00 3.0449E+00 3.1713E+00 3.3202E+00 3.4688E+00 3.6724E+00 3.9445E+00 4.2508E+00 4.5691E+00 4.9209E+00 5.3009E+00 5.7091E+00 6.0835E+00 6.4154E+00 7.4232E+00 8.7154E+00 1.0092E+01 1.1653E+01 1.2946E+01 1.3661E+01 1.4466E+01 2.0178E+01 1.6540E+01 2.0830E+01 1.7606E+01 1.6889E+01 1.8978E+01 1.5470E+01
1.0885E+00 1.1619E+00 1.2281E+00 1.2828E+00 1.3262E+00 1.3632E+00 1.3928E+00 1.4181E+00 1.4390E+00 1.4609E+00 1.4800E+00 1.5010E+00 1.5218E+00 1.5462E+00 1.5701E+00 1.6129E+00 1.6691E+00 1.7352E+00 1.7971E+00 1.8649E+00 1.9427E+00 2.0337E+00 2.1325E+00 2.2447E+00 2.3562E+00 2.4849E+00 2.6212E+00 2.7643E+00 2.9121E+00 3.0863E+00 3.2293E+00 3.3683E+00 3.4921E+00 3.6085E+00 3.7727E+00 4.0591E+00 4.3414E+00 4.6422E+00 4.9792E+00 5.3382E+00 5.8036E+00 6.1348E+00 6.4775E+00 7.6819E+00 9.0823E+00 1.0428E+01 1.2215E+01 1.4069E+01 1.7754E+01 1.8003E+01 2.6500E+01 2.1732E+01 2.3005E+01 2.4548E+01 1.8954E+01 1.7647E+01 1.5722E+01
1.0639E+00 1.1364E+00 1.2012E+00 1.2553E+00 1.3000E+00 1.3372E+00 1.3672E+00 1.3950E+00 1.4186E+00 1.4437E+00 1.4666E+00 1.4908E+00 1.5173E+00 1.5475E+00 1.5948E+00 1.6440E+00 1.7014E+00 1.7684E+00 1.8314E+00 1.9004E+00 1.9794E+00 2.0716E+00 2.1715E+00 2.2858E+00 2.3968E+00 2.5263E+00 2.6631E+00 2.8069E+00 2.9590E+00 3.1323E+00 3.2790E+00 3.4232E+00 3.5553E+00 3.7550E+00 4.0135E+00 4.3261E+00 4.6419E+00 4.9828E+00 5.3528E+00 5.7535E+00 6.2106E+00 6.7319E+00 7.0845E+00 7.6254E+00 9.0232E+00 1.0309E+01 1.2190E+01 1.5214E+01 1.9698E+01 2.0401E+01 2.7219E+01 2.3001E+01 2.1305E+01 2.0929E+01 1.7714E+01 1.5512E+01 1.3167E+01
1.0352E+00 1.1042E+00 1.1673E+00 1.2208E+00 1.2656E+00 1.3026E+00 1.3351E+00 1.3627E+00 1.3886E+00 1.4156E+00 1.4414E+00 1.4679E+00 1.5036E+00 1.5469E+00 1.5932E+00 1.6505E+00 1.7227E+00 1.7993E+00 1.8815E+00 1.9616E+00 2.0464E+00 2.1355E+00 2.2305E+00 2.3373E+00 2.4440E+00 2.5580E+00 2.6851E+00 2.8140E+00 2.9568E+00 3.1185E+00 3.2794E+00 3.4566E+00 3.6609E+00 3.8784E+00 4.1540E+00 4.4675E+00 4.7945E+00 5.1448E+00 5.5268E+00 5.9365E+00 6.4011E+00 6.9283E+00 7.2745E+00 7.5693E+00 8.5362E+00 9.6528E+00 1.1353E+01 1.4202E+01 1.8419E+01 1.9338E+01 2.1939E+01 2.1102E+01 1.7107E+01 1.6656E+01 1.2435E+01 1.3435E+01 1.2065E+01
1.0149E+00 1.0661E+00 1.1271E+00 1.1800E+00 1.2246E+00 1.2608E+00 1.2933E+00 1.3216E+00 1.3489E+00 1.3777E+00 1.4054E+00 1.4354E+00 1.4846E+00 1.5515E+00 1.6207E+00 1.6927E+00 1.7665E+00 1.8446E+00 1.9282E+00 2.0097E+00 2.0961E+00 2.1863E+00 2.2827E+00 2.3905E+00 2.4979E+00 2.6125E+00 2.7403E+00 2.8687E+00 3.0099E+00 3.1699E+00 3.3269E+00 3.4991E+00 3.6962E+00 3.9043E+00 4.1554E+00 4.4694E+00 4.7783E+00 5.1075E+00 5.4585E+00 5.8249E+00 6.2292E+00 6.6840E+00 6.9338E+00 7.0992E+00 7.7029E+00 8.6075E+00 9.8965E+00 1.1702E+01 1.4770E+01 1.5541E+01 1.4244E+01 1.7430E+01 1.8909E+01 1.7647E+01 1.4097E+01 1.3183E+01 1.1550E+01
9.9100E-01 1.0342E+00 1.0813E+00 1.1341E+00 1.1766E+00 1.2135E+00 1.2443E+00 1.2729E+00 1.3006E+00 1.3300E+00 1.3615E+00 1.4339E+00 1.5096E+00 1.5773E+00 1.6469E+00 1.7191E+00 1.7932E+00 1.8685E+00 1.9544E+00 2.0352E+00 2.1208E+00 2.2114E+00 2.3045E+00 2.4105E+00 2.5128E+00 2.6260E+00 2.7491E+00 2.8722E+00 3.0055E+00 3.1570E+00 3.3023E+00 3.4600E+00 3.6384E+00 3.8240E+00 4.0450E+00 4.3307E+00 4.5969E+00 4.8761E+00 5.1605E+00 5.4416E+00 5.7359E+00 6.0613E+00 6.1584E+00 6.1032E+00 6.6510E+00 7.2984E+00 8.1099E+00 8.9968E+00 1.0697E+01 1.1159E+01 1.1080E+01 1.3521E+01 1.5370E+01 1.5135E+01 1.4405E+01 1.5557E+01 1.3779E+01
9.5545E-01 9.9624E-01 1.0339E+00 1.0824E+00 1.1229E+00 1.1583E+00 1.1883E+00 1.2166E+00 1.2439E+00 1.3001E+00 1.3724E+00 1.4451E+00 1.5209E+00 1.5894E+00 1.6581E+00 1.7292E+00 1.8019E+00 1.8757E+00 1.9594E+00 2.0376E+00 2.1201E+00 2.2070E+00 2.2959E+00 2.3974E+00 2.4934E+00 2.5991E+00 2.7131E+00 2.8261E+00 2.9463E+00 3.0838E+00 3.2106E+00 3.3460E+00 3.4972E+00 3.6505E+00 3.8242E+00 4.0666E+00 4.2749E+00 4.4823E+00 4.6779E+00 4.8507E+00 5.0123E+00 5.1847E+00 5.1203E+00 4.9403E+00 5.5119E+00 5.9039E+00 6.3888E+00 7.1412E+00 8.4441E+00 9.8615E+00 9.8408E+00 1.0651E+01 1.0348E+01 1.0445E+01 1.3784E+01 1.5055E+01 1.3708E+01
9.4393E-01 9.9769E-01 1.0492E+00 1.0996E+00 1.1491E+00 1.1994E+00 1.2450E+00 1.2908E+00 1.3368E+00 1.3829E+00 1.4336E+00 1.4764E+00 1.5195E+00 1.5877E+00 1.6543E+00 1.7230E+00 1.7929E+00 1.8635E+00 1.9437E+00 2.0173E+00 2.0948E+00 2.1758E+00 2.2580E+00 2.3526E+00 2.4396E+00 2.5346E+00 2.6360E+00 2.7353E+00 2.8384E+00 2.9578E+00 3.0617E+00 3.1700E+00 3.2888E+00 3.4044E+00 3.5197E+00 3.7047E+00 3.8354E+00 3.9730E+00 4.0768E+00 4.1400E+00 4.1748E+00 4.2059E+00 4.0153E+00 4.5505E+00 5.1578E+00 5.7586E+00 6.3229E+00 6.9622E+00 7.5203E+00 7.7007E+00 7.6883E+00 8.6486E+00 8.6531E+00 9.1563E+00 1.1521E+01 1.2624E+01 1.2015E+01
1.0675E+00 1.1249E+00 1.1795E+00 1.2323E+00 1.2836E+00 1.3351E+00 1.3799E+00 1.4243E+00 1.4679E+00 1.5105E+00 1.5566E+00 1.5913E+00 1.6245E+00 1.6610E+00 1.6928E+00 1.7287E+00 1.7668E+00 1.8330E+00 1.9082E+00 1.9774E+00 2.0467E+00 2.1200E+00 2.1937E+00 2.2796E+00 2.3553E+00 2.4376E+00 2.5237E+00 2.6070E+00 2.6869E+00 2.7898E+00 2.8686E+00 2.9480E+00 3.0332E+00 3.1106E+00 3.1820E+00 3.2770E+00 3.3473E+00 3.4078E+00 3.4275E+00 3.3983E+00 3.3332E+00 3.2586E+00 3.7708E+00 4.3870E+00 4.9956E+00 5.5698E+00 6.0553E+00 6.4622E+00 6.7824E+00 6.8242E+00 6.3785E+00 7.9303E+00 9.2582E+00 9.7782E+00 9.4074E+00 1.0283E+01 1.0247E+01
1.1525E+00 1.2099E+00 1.2631E+00 1.3136E+00 1.3617E+00 1.4094E+00 1.4478E+00 1.4847E+00 1.5195E+00 1.5517E+00 1.5861E+00 1.6058E+00 1.6218E+00 1.6345E+00 1.6492E+00 1.6643E+00 1.7251E+00 1.7857E+00 1.8550E+00 1.9170E+00 1.9784E+00 2.0429E+00 2.1068E+00 2.1740E+00 2.2459E+00 2.3140E+00 2.3838E+00 2.4501E+00 2.5101E+00 2.5920E+00 2.6461E+00 2.6976E+00 2.7512E+00 2.7939E+00 2.8266E+00 2.8811E+00 2.8907E+00 2.8707E+00 2.8195E+00 2.7389E+00 2.9982E+00 3.3036E+00 3.5617E+00 4.1115E+00 4.6821E+00 5.1984E+00 5.6414E+00 5.9331E+00 6.0554E+00 5.9670E+00 6.4407E+00 8.0120E+00 9.1602E+00 9.6938E+00 9.5210E+00 8.8470E+00 9.0959E+00
1.2191E+00 1.2756E+00 1.3249E+00 1.3703E+00 1.4121E+00 1.4531E+00 1.4811E+00 1.5063E+00 1.5279E+00 1.5453E+00 1.5636E+00 1.5639E+00 1.5588E+00 1.5486E+00 1.5600E+00 1.6149E+00 1.6697E+00 1.7240E+00 1.7866E+00 1.8406E+00 1.8933E+00 1.9452E+00 2.0015E+00 2.0569E+00 2.1168E+00 2.1705E+00 2.2238E+00 2.2733E+00 2.3142E+00 2.3760E+00 2.4078E+00 2.4346E+00 2.4612E+00 2.4756E+00 2.4787E+00 2.5001E+00 2.4784E+00 2.4310E+00 2.4499E+00 2.7159E+00 2.9790E+00 3.2237E+00 3.4241E+00 3.7683E+00 4.2730E+00 4.7391E+00 5.1090E+00 5.3605E+00 5.4361E+00 5.7347E+00 6.2022E+00 7.5132E+00 8.5318E+00 9.1005E+00 9.1159E+00 8.5826E+00 8.2903E+00
1.2305E+00 1.2823E+00 1.3234E+00 1.3594E+00 1.3904E+00 1.4204E+00 1.4342E+00 1.4440E+00 1.4487E+00 1.4481E+00 1.4477E+00 1.4274E+00 1.4008E+00 1.4566E+00 1.5055E+00 1.5544E+00 1.6028E+00 1.6502E+00 1.7058E+00 1.7516E+00 1.7953E+00 1.8374E+00 1.8831E+00 1.9269E+00 1.9750E+00 2.0148E+00 2.0526E+00 2.0868E+00 2.1108E+00 2.1545E+00 2.1675E+00 2.1747E+00 2.1802E+00 2.1736E+00 2.1565E+00 2.1982E+00 2.2518E+00 2.1960E+00 2.4277E+00 2.6503E+00 2.8629E+00 3.0451E+00 3.1703E+00 3.3975E+00 3.8193E+00 4.2139E+00 4.5336E+00 4.8015E+00 5.2886E+00 5.5288E+00 5.7902E+00 6.9005E+00 7.8053E+00 8.3751E+00 8.5103E+00 8.1783E+00 7.4609E+00
1.1826E+00 1.2296E+00 1.2597E+00 1.2834E+00 1.3012E+00 1.3176E+00 1.3162E+00 1.3096E+00 1.2973E+00 1.2789E+00 1.2545E+00 1.2877E+00 1.3424E+00 1.3988E+00 1.4424E+00 1.4850E+00 1.5268E+00 1.5673E+00 1.6156E+00 1.6534E+00 1.6882E+00 1.7210E+00 1.7565E+00 1.7893E+00 1.8266E+00 1.8538E+00 1.8779E+00 1.9510E+00 2.0101E+00 2.0330E+00 2.0048E+00 1.9305E+00 1.9606E+00 2.1063E+00 2.1708E+00 2.1470E+00 2.0359E+00 2.1535E+00 2.3465E+00 2.5757E+00 2.9900E+00 3.0319E+00 2.9360E+00 3.0349E+00 3.3690E+00 3.7518E+00 4.2058E+00 4.6269E+00 4.9643E+00 5.1638E+00 5.3096E+00 6.2490E+00 7.0405E+00 7.5773E+00 7.7564E+00 7.5534E+00 7.0063E+00
1.0897E+00 1.1255E+00 1.1436E+00 1.1544E+00 1.1585E+00 1.1560E+00 1.1657E+00 1.2008E+00 1.2402E+00 1.2737E+00 1.3086E+00 1.3130E+00 1.3179E+00 1.3337E+00 1.3727E+00 1.4091E+00 1.4443E+00 1.4779E+00 1.5184E+00 1.5478E+00 1.5759E+00 1.6001E+00 1.6498E+00 1.7382E+00 1.8121E+00 1.8593E+00 1.8869E+00 1.9013E+00 1.9024E+00 1.8524E+00 1.8373E+00 1.9603E+00 2.0439E+00 2.0681E+00 2.0234E+00 1.8676E+00 1.9140E+00 2.1935E+00 2.6958E+00 3.0407E+00 3.0884E+00 2.9456E+00 2.9923E+00 2.8524E+00 3.2372E+00 3.6401E+00 4.0396E+00 4.4007E+00 4.6838E+00 4.8469E+00 4.8499E+00 5.6001E+00 6.2838E+00 6.7597E+00 6.9451E+00 6.8139E+00 6.4061E+00
1.0418E+00 1.1044E+00 1.1616E+00 1.2149E+00 1.2699E+00 1.3233E+00 1.3527E+00 1.3782E+00 1.4058E+00 1.4243E+00 1.4415E+00 1.4209E+00 1.3987E+00 1.3620E+00 1.3215E+00 1.3286E+00 1.3577E+00 1.4050E+00 1.4859E+00 1.5613E+00 1.6225E+00 1.6832E+00 1.7410E+00 1.7895E+00 1.8189E+00 1.8202E+00 1.7816E+00 1.7290E+00 1.7138E+00 1.8253E+00 1.9141E+00 1.9571E+00 1.9394E+00 1.8549E+00 1.7057E+00 1.8554E+00 2.3470E+00 2.7926E+00 3.0765E+00 3.0766E+00 2.9389E+00 3.0191E+00 2.7153E+00 2.7712E+00 3.1069E+00 3.4570E+00 3.7976E+00 4.1026E+00 4.3408E+00 4.4788E+00 4.5568E+00 5.0027E+00 5.5777E+00 5.9791E+00 6.1476E+00 6.0685E+00 5.7708E+00
1.1676E+00 1.2310E+00 1.2859E+00 1.3342E+00 1.3817E+00 1.4252E+00 1.4337E+00 1.4353E+00 1.4363E+00 1.4259E+00 1.4118E+00 1.3727E+00 1.3313E+00 1.2975E+00 1.3698E+00 1.4335E+00 1.4947E+00 1.5563E+00 1.6150E+00 1.6649E+00 1.6990E+00 1.7182E+00 1.7323E+00 1.7344E+00 1.7163E+00 1.6705E+00 1.6540E+00 1.7218E+00 1.7770E+00 1.8225E+00 1.8218E+00 1.7738E+00 1.7058E+00 1.6612E+00 1.9461E+00 2.3477E+00 2.7468E+00 2.9662E+00 2.9379E+00 2.8184E+00 2.9258E+00 2.7579E+00 2.4977E+00 2.7686E+00 2.9399E+00 3.2513E+00 3.5413E+00 3.7955E+00 3.9912E+00 4.2959E+00 4.5808E+00 4.5711E+00 4.9169E+00 5.2450E+00 5.3924E+00 5.3510E+00 5.1426E+00
1.2427E+00 1.3006E+00 1.3471E+00 1.3842E+00 1.4179E+00 1.4450E+00 1.4281E+00 1.4025E+00 1.3748E+00 1.3347E+00 1.2904E+00 1.3265E+00 1.3946E+00 1.4602E+00 1.5194E+00 1.5684E+00 1.6024E+00 1.6344E+00 1.6611E+00 1.6771E+00 1.6760E+00 1.6547E+00 1.6232E+00 1.5798E+00 1.6297E+00 1.7178E+00 1.7562E+00 1.7559E+00 1.7339E+00 1.7047E+00 1.7291E+00 1.7237E+00 1.7025E+00 2.0686E+00 2.4090E+00 2.6636E+00 2.8398E+00 2.8010E+00 2.7081E+00 2.8198E+00 3.0261E+00 3.0201E+00 2.7143E+00 2.5886E+00 2.7716E+00 3.0342E+00 3.2810E+00 3.4972E+00 3.9465E+00 4.3934E+00 4.6248E+00 4.5855E+00 4.3103E+00 4.5793E+00 4.7034E+00 4.6851E+00 4.5494E+00
1.2566E+00 1.3035E+00 1.3364E+00 1.3575E+00 1.3731E+00 1.3803E+00 1.3382E+00 1.2883E+00 1.2811E+00 1.3505E+00 1.4122E+00 1.4671E+00 1.5190E+00 1.5657E+00 1.6039E+00 1.6291E+00 1.6337E+00 1.6303E+00 1.6204E+00 1.5997E+00 1.5628E+00 1.5087E+00 1.5737E+00 1.6606E+00 1.7238E+00 1.7653E+00 1.7444E+00 1.6822E+00 1.7192E+00 1.7431E+00 1.7345E+00 1.8600E+00 2.1945E+00 2.4849E+00 2.6778E+00 2.7190E+00 2.6446E+00 2.6023E+00 2.7172E+00 2.8456E+00 3.0609E+00 3.0122E+00 2.6834E+00 2.3731E+00 2.6011E+00 2.8252E+00 3.0326E+00 3.5294E+00 4.0435E+00 4.4304E+00 4.6108E+00 4.5428E+00 4.2077E+00 4.0321E+00 4.1486E+00 4.1602E+00 4.0861E+00
1.2037E+00 1.2400E+00 1.2565E+00 1.2594E+00 1.2560E+00 1.2433E+00 1.2879E+00 1.3535E+00 1.4153E+00 1.4701E+00 1.5145E+00 1.5519E+00 1.5806E+00 1.6020E+00 1.6134E+00 1.6107E+00 1.5877E+00 1.5472E+00 1.5021E+00 1.4542E+00 1.5425E+00 1.6177E+00 1.6655E+00 1.6959E+00 1.7178E+00 1.7064E+00 1.6592E+00 1.7489E+00 1.8560E+00 1.8908E+00 1.9966E+00 2.3128E+00 2.5616E+00 2.7075E+00 2.7058E+00 2.5312E+00 2.4754E+00 2.5940E+00 2.5411E+00 2.7299E+00 2.8643E+00 2.7795E+00 2.4494E+00 2.2425E+00 2.4381E+00 2.7092E+00 3.1197E+00 3.6415E+00 4.1061E+00 4.4409E+00 4.5819E+00 4.4964E+00 4.1664E+00 3.6364E+00 3.6875E+00 3.7248E+00 3.6967E+00
1.1011E+00 1.1209E+00 1.1206E+00 1.1884E+00 1.2723E+00 1.3503E+00 1.4057E+00 1.4553E+00 1.4986E+00 1.5327E+00 1.5544E+00 1.5729E+00 1.5731E+00 1.5661E+00 1.5487E+00 1.5179E+00 1.4672E+00 1.4237E+00 1.4984E+00 1.5662E+00 1.6215E+00 1.6599E+00 1.6698E+00 1.6473E+00 1.7716E+00 2.0876E+00 2.2542E+00 2.3199E+00 2.2853E+00 2.1670E+00 2.4070E+00 2.6152E+00 2.7361E+00 2.7039E+00 2.5130E+00 2.3678E+00 2.4820E+00 2.4407E+00 2.2551E+00 2.4654E+00 2.5238E+00 2.4009E+00 2.0886E+00 2.1161E+00 2.5400E+00 2.7185E+00 3.2071E+00 3.6983E+00 4.1176E+00 4.4062E+00 4.5044E+00 4.3966E+00 4.0753E+00 3.5750E+00 3.3180E+00 3.3682E+00 3.3719E+00
1.0349E+00 1.1224E+00 1.2061E+00 1.2857E+00 1.3596E+00 1.4248E+00 1.4688E+00 1.4987E+00 1.5223E+00 1.5356E+00 1.5357E+00 1.5281E+00 1.5006E+00 1.4634E+00 1.4169E+00 1.3867E+00 1.4568E+00 1.5098E+00 1.5407E+00 1.5614E+00 1.5668E+00 1.5554E+00 1.5976E+00 1.8277E+00 2.0477E+00 2.2507E+00 2.2957E+00 2.2529E+00 2.1911E+00 2.4109E+00 2.5655E+00 2.6495E+00 2.6170E+00 2.4604E+00 2.3318E+00 2.3941E+00 2.3721E+00 2.1971E+00 2.0224E+00 2.1440E+00 2.1376E+00 1.9885E+00 1.8545E+00 2.2918E+00 2.6253E+00 2.7827E+00 3.2452E+00 3.6844E+00 4.0451E+00 4.2790E+00 4.3734E+00 4.2436E+00 3.9283E+00 3.4729E+00 2.9976E+00 3.0694E+00 3.1005E+00
1.1160E+00 1.2002E+00 1.2731E+00 1.3400E+00 1.3987E+00 1.4465E+00 1.4740E+00 1.4841E+00 1.4854E+00 1.4763E+00 1.4543E+00 1.4220E+00 1.3719E+00 1.3361E+00 1.4053E+00 1.4688E+00 1.5058E+00 1.5221E+00 1.5106E+00 1.4831E+00 1.5491E+00 1.7045E+00 1.8642E+00 2.0022E+00 2.0950E+00 2.1342E+00 2.0557E+00 2.1712E+00 2.3608E+00 2.4926E+00 2.5411E+00 2.5023E+00 2.3464E+00 2.2638E+00 2.3387E+00 2.2941E+00 2.1564E+00 1.8903E+00 1.7557E+00 1.8315E+00 1.8049E+00 1.6309E+00 1.9921E+00 2.4146E+00 2.6205E+00 2.8454E+00 3.2595E+00 3.6416E+00 3.9526E+00 4.1380E+00 4.1687E+00 4.0318E+00 3.7327E+00 3.3056E+00 2.8049E+00 2.8296E+00 2.8796E+00
1.1606E+00 1.2360E+00 1.2961E+00 1.3466E+00 1.3864E+00 1.4141E+00 1.4233E+00 1.4146E+00 1.3939E+00 1.3636E+00 1.3220E+00 1.3067E+00 1.3624E+00 1.4113E+00 1.4496E+00 1.4799E+00 1.4850E+00 1.5321E+00 1.6481E+00 1.7410E+00 1.8266E+00 1.9012E+00 1.9429E+00 1.9500E+00 1.9060E+00 1.9093E+00 2.1109E+00 2.2663E+00 2.3801E+00 2.4128E+00 2.3587E+00 2.2168E+00 2.1764E+00 2.2516E+00 2.2393E+00 2.1014E+00 1.8775E+00 1.5644E+00 1.6798E+00 1.7191E+00 1.6075E+00 1.6862E+00 2.1323E+00 2.4462E+00 2.5230E+00 2.8585E+00 3.2313E+00 3.5616E+00 3.8166E+00 3.9612E+00 3.9689E+00 3.8246E+00 3.5439E+00 3.1574E+00 2.7045E+00 2.6067E+00 2.6731E+00
1.1645E+00 1.2278E+00 1.2736E+00 1.3042E+00 1.3215E+00 1.3262E+00 1.3163E+00 1.2910E+00 1.2502E+00 1.2690E+00 1.3209E+00 1.3638E+00 1.3955E+00 1.4186E+00 1.5787E+00 1.7467E+00 1.8315E+00 1.9097E+00 1.9657E+00 1.9758E+00 1.9582E+00 1.9204E+00 1.8369E+00 1.7163E+00 1.8818E+00 2.0124E+00 2.1483E+00 2.2351E+00 2.2485E+00 2.2009E+00 2.0659E+00 2.1059E+00 2.1815E+00 2.1623E+00 2.0476E+00 1.8527E+00 1.5770E+00 1.5315E+00 1.5962E+00 1.5468E+00 1.4345E+00 1.8759E+00 2.2463E+00 2.4439E+00 2.5057E+00 2.8430E+00 3.1665E+00 3.4480E+00 3.6571E+00 3.7623E+00 3.7435E+00 3.6085E+00 3.3489E+00 2.9974E+00 2.5874E+00 2.3989E+00 2.4769E+00
