inst/extdata/rank(0)_odor_8760hr_conc.grd
DSAA
         101         101
     737.625     742.625
    5081.125    5086.125
  0.1659E-02  0.2660E+02
[rows 25 to 49 of 101, columns 0 to 56 of 101]
2.5417E-02 2.7245E-02 2.9055E-02 3.0936E-02 3.2909E-02 3.4922E-02 3.7003E-02 3.9155E-02 4.1375E-02 4.3673E-02 4.6049E-02 4.8517E-02 5.1099E-02 5.3721E-02 5.6387E-02 5.9157E-02 6.2224E-02 6.5461E-02 6.8820E-02 7.2304E-02 7.5906E-02 7.9719E-02 8.3481E-02 8.7156E-02 9.0838E-02 9.4499E-02 9.8236E-02 1.0200E-01 1.0579E-01 1.0961E-01 1.1342E-01 1.1719E-01 1.2090E-01 1.2452E-01 1.2799E-01 1.3125E-01 1.3420E-01 1.3682E-01 1.3912E-01 1.4089E-01 1.4227E-01 1.4321E-01 1.4373E-01 1.4388E-01 1.4361E-01 1.4308E-01 1.4230E-01 1.4143E-01 1.4054E-01 1.3983E-01 1.3930E-01 1.4011E-01 1.4098E-01 1.4183E-01 1.4244E-01 1.4264E-01 1.4142E-01
2.5100E-02 2.6882E-02 2.8708E-02 3.0601E-02 3.2573E-02 3.4627E-02 3.6708E-02 3.8875E-02 4.1121E-02 4.3464E-02 4.5915E-02 4.8407E-02 5.1065E-02 5.3843E-02 5.6780E-02 5.9738E-02 6.2943E-02 6.6317E-02 6.9816E-02 7.3443E-02 7.7228E-02 8.1015E-02 8.4789E-02 8.8636E-02 9.2554E-02 9.6530E-02 1.0058E-01 1.0469E-01 1.0886E-01 1.1304E-01 1.1723E-01 1.2143E-01 1.2558E-01 1.2965E-01 1.3353E-01 1.3711E-01 1.4038E-01 1.4332E-01 1.4593E-01 1.4819E-01 1.4996E-01 1.5112E-01 1.5176E-01 1.5198E-01 1.5178E-01 1.5126E-01 1.5040E-01 1.4949E-01 1.4859E-01 1.4786E-01 1.4735E-01 1.4800E-01 1.4875E-01 1.4942E-01 1.4983E-01 1.4974E-01 1.4823E-01
2.4747E-02 2.6502E-02 2.8322E-02 3.0213E-02 3.2195E-02 3.4219E-02 3.6330E-02 3.8502E-02 4.0775E-02 4.3145E-02 4.5594E-02 4.8170E-02 5.0871E-02 5.3732E-02 5.6727E-02 5.9842E-02 6.3139E-02 6.6575E-02 7.0202E-02 7.4023E-02 7.7911E-02 8.1794E-02 8.5773E-02 8.9902E-02 9.4112E-02 9.8423E-02 1.0282E-01 1.0731E-01 1.1184E-01 1.1644E-01 1.2110E-01 1.2577E-01 1.3036E-01 1.3486E-01 1.3910E-01 1.4311E-01 1.4675E-01 1.5009E-01 1.5311E-01 1.5577E-01 1.5797E-01 1.5953E-01 1.6039E-01 1.6073E-01 1.6058E-01 1.6003E-01 1.5922E-01 1.5824E-01 1.5733E-01 1.5656E-01 1.5614E-01 1.5657E-01 1.5714E-01 1.5770E-01 1.5786E-01 1.5735E-01 1.5548E-01
2.4376E-02 2.6092E-02 2.7902E-02 2.9792E-02 3.1738E-02 3.3759E-02 3.5854E-02 3.8040E-02 4.0345E-02 4.2712E-02 4.5178E-02 4.7787E-02 5.0537E-02 5.3469E-02 5.6495E-02 5.9688E-02 6.3077E-02 6.6646E-02 7.0417E-02 7.4329E-02 7.8276E-02 8.2351E-02 8.6573E-02 9.0978E-02 9.5491E-02 1.0012E-01 1.0490E-01 1.0974E-01 1.1473E-01 1.1981E-01 1.2496E-01 1.3008E-01 1.3515E-01 1.4004E-01 1.4479E-01 1.4924E-01 1.5340E-01 1.5726E-01 1.6076E-01 1.6384E-01 1.6644E-01 1.6846E-01 1.6971E-01 1.7021E-01 1.7013E-01 1.6953E-01 1.6872E-01 1.6774E-01 1.6679E-01 1.6607E-01 1.6567E-01 1.6592E-01 1.6632E-01 1.6665E-01 1.6655E-01 1.6563E-01 1.6327E-01
2.3963E-02 2.5658E-02 2.7444E-02 2.9299E-02 3.1228E-02 3.3225E-02 3.5314E-02 3.7501E-02 3.9780E-02 4.2197E-02 4.4644E-02 4.7272E-02 5.0079E-02 5.3000E-02 5.6095E-02 5.9367E-02 6.2831E-02 6.6501E-02 7.0376E-02 7.4323E-02 7.8420E-02 8.2689E-02 8.7168E-02 9.1834E-02 9.6625E-02 1.0162E-01 1.0673E-01 1.1200E-01 1.1746E-01 1.2301E-01 1.2861E-01 1.3421E-01 1.3979E-01 1.4525E-01 1.5050E-01 1.5554E-01 1.6035E-01 1.6478E-01 1.6883E-01 1.7241E-01 1.7544E-01 1.7784E-01 1.7960E-01 1.8042E-01 1.8044E-01 1.7988E-01 1.7909E-01 1.7806E-01 1.7709E-01 1.7638E-01 1.7606E-01 1.7618E-01 1.7641E-01 1.7647E-01 1.7597E-01 1.7447E-01 1.7155E-01
2.3530E-02 2.5194E-02 2.6949E-02 2.8771E-02 3.0663E-02 3.2633E-02 3.4711E-02 3.6873E-02 3.9121E-02 4.1486E-02 4.4020E-02 4.6636E-02 4.9447E-02 5.2374E-02 5.5519E-02 5.8835E-02 6.2373E-02 6.6111E-02 7.0031E-02 7.4097E-02 7.8341E-02 8.2816E-02 8.7535E-02 9.2421E-02 9.7526E-02 1.0285E-01 1.0835E-01 1.1405E-01 1.1995E-01 1.2597E-01 1.3207E-01 1.3823E-01 1.4440E-01 1.5044E-01 1.5635E-01 1.6209E-01 1.6752E-01 1.7265E-01 1.7733E-01 1.8151E-01 1.8508E-01 1.8800E-01 1.9014E-01 1.9142E-01 1.9170E-01 1.9120E-01 1.9042E-01 1.8935E-01 1.8832E-01 1.8763E-01 1.8740E-01 1.8734E-01 1.8738E-01 1.8721E-01 1.8623E-01 1.8399E-01 1.8034E-01
2.3062E-02 2.4695E-02 2.6413E-02 2.8202E-02 3.0057E-02 3.2011E-02 3.4041E-02 3.6161E-02 3.8414E-02 4.0744E-02 4.3226E-02 4.5930E-02 4.8655E-02 5.1605E-02 5.4771E-02 5.8122E-02 6.1697E-02 6.5443E-02 6.9434E-02 7.3609E-02 7.8023E-02 8.2697E-02 8.7626E-02 9.2762E-02 9.8166E-02 1.0380E-01 1.0968E-01 1.1579E-01 1.2214E-01 1.2864E-01 1.3532E-01 1.4208E-01 1.4888E-01 1.5563E-01 1.6228E-01 1.6873E-01 1.7498E-01 1.8089E-01 1.8630E-01 1.9121E-01 1.9549E-01 1.9894E-01 2.0155E-01 2.0311E-01 2.0353E-01 2.0312E-01 2.0232E-01 2.0124E-01 2.0016E-01 1.9942E-01 1.9917E-01 1.9898E-01 1.9882E-01 1.9825E-01 1.9669E-01 1.9359E-01 1.8911E-01
2.2578E-02 2.4173E-02 2.5843E-02 2.7596E-02 2.9420E-02 3.1333E-02 3.3316E-02 3.5399E-02 3.7605E-02 3.9924E-02 4.2395E-02 4.4994E-02 4.7795E-02 5.0712E-02 5.3868E-02 5.7223E-02 6.0782E-02 6.4577E-02 6.8608E-02 7.2891E-02 7.7459E-02 8.2315E-02 8.7419E-02 9.2776E-02 9.8454E-02 1.0442E-01 1.1065E-01 1.1719E-01 1.2398E-01 1.3101E-01 1.3828E-01 1.4566E-01 1.5322E-01 1.6075E-01 1.6816E-01 1.7555E-01 1.8268E-01 1.8955E-01 1.9585E-01 2.0159E-01 2.0659E-01 2.1075E-01 2.1403E-01 2.1596E-01 2.1666E-01 2.1642E-01 2.1581E-01 2.1473E-01 2.1359E-01 2.1283E-01 2.1262E-01 2.1221E-01 2.1176E-01 2.1064E-01 2.0817E-01 2.0384E-01 1.9830E-01
2.2078E-02 2.3632E-02 2.5255E-02 2.6967E-02 2.8744E-02 3.0608E-02 3.2555E-02 3.4585E-02 3.6747E-02 3.9029E-02 4.1467E-02 4.4019E-02 4.6755E-02 4.9716E-02 5.2816E-02 5.6141E-02 5.9698E-02 6.3514E-02 6.7588E-02 7.1953E-02 7.6639E-02 8.1621E-02 8.6877E-02 9.2498E-02 9.8434E-02 1.0471E-01 1.1128E-01 1.1822E-01 1.2545E-01 1.3300E-01 1.4086E-01 1.4899E-01 1.5725E-01 1.6558E-01 1.7402E-01 1.8238E-01 1.9060E-01 1.9841E-01 2.0582E-01 2.1259E-01 2.1862E-01 2.2380E-01 2.2784E-01 2.3031E-01 2.3150E-01 2.3150E-01 2.3111E-01 2.3016E-01 2.2909E-01 2.2836E-01 2.2815E-01 2.2742E-01 2.2647E-01 2.2459E-01 2.2085E-01 2.1488E-01 2.0795E-01
2.1558E-02 2.3073E-02 2.4661E-02 2.6318E-02 2.8049E-02 2.9854E-02 3.1739E-02 3.3769E-02 3.5845E-02 3.8083E-02 4.0451E-02 4.2965E-02 4.5654E-02 4.8527E-02 5.1663E-02 5.4928E-02 5.8472E-02 6.2287E-02 6.6372E-02 7.0787E-02 7.5534E-02 8.0619E-02 8.6065E-02 9.1892E-02 9.8071E-02 1.0459E-01 1.1150E-01 1.1879E-01 1.2644E-01 1.3457E-01 1.4309E-01 1.5187E-01 1.6091E-01 1.7026E-01 1.7973E-01 1.8925E-01 1.9859E-01 2.0771E-01 2.1642E-01 2.2456E-01 2.3190E-01 2.3828E-01 2.4317E-01 2.4648E-01 2.4831E-01 2.4858E-01 2.4856E-01 2.4781E-01 2.4688E-01 2.4624E-01 2.4613E-01 2.4499E-01 2.4335E-01 2.4033E-01 2.3498E-01 2.2673E-01 2.1811E-01
2.1049E-02 2.2524E-02 2.4053E-02 2.5669E-02 2.7339E-02 2.9088E-02 3.0920E-02 3.2860E-02 3.4917E-02 3.7084E-02 3.9400E-02 4.1870E-02 4.4490E-02 4.7310E-02 5.0335E-02 5.3617E-02 5.7110E-02 6.0891E-02 6.4980E-02 6.9414E-02 7.4231E-02 7.9378E-02 8.4967E-02 9.0928E-02 9.7305E-02 1.0405E-01 1.1126E-01 1.1888E-01 1.2707E-01 1.3570E-01 1.4477E-01 1.5427E-01 1.6424E-01 1.7459E-01 1.8515E-01 1.9591E-01 2.0675E-01 2.1746E-01 2.2783E-01 2.3765E-01 2.4655E-01 2.5434E-01 2.6028E-01 2.6454E-01 2.6714E-01 2.6786E-01 2.6833E-01 2.6790E-01 2.6714E-01 2.6668E-01 2.6670E-01 2.6502E-01 2.6246E-01 2.5794E-01 2.5042E-01 2.3941E-01 2.2860E-01
2.0533E-02 2.1966E-02 2.3452E-02 2.4995E-02 2.6619E-02 2.8319E-02 3.0096E-02 3.1962E-02 3.3969E-02 3.6068E-02 3.8322E-02 4.0720E-02 4.3280E-02 4.6031E-02 4.8993E-02 5.2180E-02 5.5663E-02 5.9394E-02 6.3433E-02 6.7864E-02 7.2697E-02 7.7905E-02 8.3553E-02 8.9631E-02 9.6110E-02 1.0309E-01 1.1056E-01 1.1860E-01 1.2717E-01 1.3630E-01 1.4594E-01 1.5618E-01 1.6708E-01 1.7840E-01 1.9025E-01 2.0253E-01 2.1510E-01 2.2774E-01 2.4011E-01 2.5179E-01 2.6252E-01 2.7197E-01 2.7949E-01 2.8511E-01 2.8879E-01 2.9048E-01 2.9145E-01 2.9133E-01 2.9072E-01 2.9023E-01 2.9008E-01 2.8810E-01 2.8480E-01 2.7899E-01 2.6946E-01 2.5578E-01 2.4170E-01
2.0027E-02 2.1408E-02 2.2841E-02 2.4336E-02 2.5908E-02 2.7540E-02 2.9278E-02 3.1070E-02 3.3005E-02 3.5044E-02 3.7235E-02 3.9547E-02 4.2043E-02 4.4712E-02 4.7593E-02 5.0728E-02 5.4117E-02 5.7830E-02 6.1799E-02 6.6177E-02 7.0988E-02 7.6245E-02 8.1880E-02 8.7967E-02 9.4583E-02 1.0173E-01 1.0941E-01 1.1779E-01 1.2674E-01 1.3632E-01 1.4654E-01 1.5756E-01 1.6927E-01 1.8173E-01 1.9500E-01 2.0896E-01 2.2356E-01 2.3832E-01 2.5294E-01 2.6690E-01 2.7985E-01 2.9106E-01 3.0053E-01 3.0803E-01 3.1339E-01 3.1655E-01 3.1834E-01 3.1861E-01 3.1812E-01 3.1767E-01 3.1731E-01 3.1465E-01 3.1017E-01 3.0234E-01 2.8986E-01 2.7263E-01 2.5470E-01
1.9521E-02 2.0857E-02 2.2242E-02 2.3689E-02 2.5196E-02 2.6773E-02 2.8439E-02 3.0185E-02 3.2043E-02 3.4052E-02 3.6148E-02 3.8379E-02 4.0791E-02 4.3379E-02 4.6192E-02 4.9241E-02 5.2550E-02 5.6147E-02 6.0086E-02 6.4440E-02 6.9169E-02 7.4364E-02 7.9973E-02 8.6052E-02 9.2733E-02 9.9970E-02 1.0784E-01 1.1645E-01 1.2573E-01 1.3576E-01 1.4660E-01 1.5825E-01 1.7083E-01 1.8446E-01 1.9922E-01 2.1507E-01 2.3183E-01 2.4898E-01 2.6627E-01 2.8285E-01 2.9836E-01 3.1221E-01 3.2433E-01 3.3442E-01 3.4191E-01 3.4692E-01 3.4979E-01 3.5072E-01 3.5034E-01 3.4972E-01 3.4901E-01 3.4566E-01 3.3938E-01 3.2874E-01 3.1218E-01 2.9019E-01 2.6727E-01
1.9028E-02 2.0321E-02 2.1654E-02 2.3051E-02 2.4507E-02 2.6045E-02 2.7642E-02 2.9318E-02 3.1120E-02 3.3037E-02 3.5064E-02 3.7228E-02 3.9561E-02 4.2067E-02 4.4787E-02 4.7742E-02 5.0968E-02 5.4481E-02 5.8336E-02 6.2589E-02 6.7262E-02 7.2350E-02 7.7860E-02 8.3930E-02 9.0584E-02 9.7836E-02 1.0582E-01 1.1461E-01 1.2415E-01 1.3460E-01 1.4596E-01 1.5821E-01 1.7171E-01 1.8658E-01 2.0289E-01 2.2068E-01 2.3977E-01 2.5971E-01 2.7983E-01 2.9974E-01 3.1851E-01 3.3598E-01 3.5161E-01 3.6486E-01 3.7534E-01 3.8259E-01 3.8665E-01 3.8794E-01 3.8762E-01 3.8668E-01 3.8541E-01 3.8098E-01 3.7276E-01 3.5821E-01 3.3646E-01 3.0842E-01 2.7957E-01
1.8540E-02 1.9789E-02 2.1081E-02 2.2422E-02 2.3816E-02 2.5294E-02 2.6837E-02 2.8470E-02 3.0210E-02 3.2046E-02 3.4018E-02 3.6087E-02 3.8336E-02 4.0761E-02 4.3378E-02 4.6259E-02 4.9384E-02 5.2801E-02 5.6575E-02 6.0730E-02 6.5254E-02 7.0219E-02 7.5611E-02 8.1620E-02 8.8175E-02 9.5414E-02 1.0347E-01 1.1229E-01 1.2203E-01 1.3281E-01 1.4455E-01 1.5744E-01 1.7185E-01 1.8792E-01 2.0589E-01 2.2569E-01 2.4727E-01 2.7011E-01 2.9382E-01 3.1799E-01 3.4078E-01 3.6291E-01 3.8306E-01 4.0033E-01 4.1430E-01 4.2434E-01 4.2986E-01 4.3149E-01 4.3089E-01 4.2946E-01 4.2739E-01 4.2139E-01 4.1013E-01 3.9043E-01 3.6184E-01 3.2683E-01 2.9124E-01
1.8063E-02 1.9269E-02 2.0517E-02 2.1809E-02 2.3157E-02 2.4576E-02 2.6069E-02 2.7662E-02 2.9320E-02 3.1077E-02 3.2955E-02 3.4974E-02 3.7146E-02 3.9486E-02 4.1996E-02 4.4793E-02 4.7831E-02 5.1163E-02 5.4803E-02 5.8798E-02 6.3195E-02 6.8005E-02 7.3297E-02 7.9145E-02 8.5586E-02 9.2764E-02 1.0077E-01 1.0962E-01 1.1941E-01 1.3035E-01 1.4242E-01 1.5590E-01 1.7117E-01 1.8842E-01 2.0797E-01 2.2989E-01 2.5404E-01 2.8037E-01 3.0836E-01 3.3742E-01 3.6575E-01 3.9333E-01 4.1864E-01 4.4088E-01 4.5880E-01 4.7148E-01 4.7864E-01 4.8068E-01 4.7956E-01 4.7732E-01 4.7450E-01 4.6646E-01 4.5092E-01 4.2430E-01 3.8680E-01 3.4314E-01 3.0071E-01
1.7596E-02 1.8760E-02 1.9969E-02 2.1221E-02 2.2553E-02 2.3883E-02 2.5316E-02 2.6860E-02 2.8459E-02 3.0145E-02 3.1956E-02 3.3896E-02 3.5983E-02 3.8237E-02 4.0675E-02 4.3372E-02 4.6311E-02 4.9525E-02 5.3027E-02 5.6870E-02 6.1120E-02 6.5757E-02 7.0917E-02 7.6597E-02 8.2891E-02 8.9944E-02 9.7795E-02 1.0656E-01 1.1637E-01 1.2738E-01 1.3965E-01 1.5364E-01 1.6960E-01 1.8795E-01 2.0911E-01 2.3302E-01 2.6002E-01 2.9011E-01 3.2277E-01 3.5749E-01 3.9232E-01 4.2691E-01 4.5939E-01 4.8781E-01 5.1034E-01 5.2598E-01 5.3571E-01 5.3875E-01 5.3736E-01 5.3444E-01 5.3057E-01 5.1954E-01 4.9756E-01 4.6069E-01 4.1175E-01 3.5789E-01 3.0829E-01
1.7143E-02 1.8269E-02 1.9435E-02 2.0651E-02 2.1901E-02 2.3216E-02 2.4605E-02 2.6082E-02 2.7633E-02 2.9248E-02 3.0996E-02 3.2850E-02 3.4880E-02 3.7052E-02 3.9396E-02 4.1988E-02 4.4819E-02 4.7917E-02 5.1256E-02 5.4962E-02 5.9028E-02 6.3523E-02 6.8522E-02 7.4019E-02 8.0114E-02 8.6954E-02 9.4645E-02 1.0325E-01 1.1294E-01 1.2394E-01 1.3634E-01 1.5061E-01 1.6709E-01 1.8642E-01 2.0887E-01 2.3475E-01 2.6463E-01 2.9836E-01 3.3604E-01 3.7688E-01 4.1960E-01 4.6298E-01 5.0458E-01 5.4114E-01 5.7036E-01 5.9070E-01 6.0458E-01 6.0989E-01 6.0882E-01 6.0557E-01 6.0035E-01 5.8407E-01 5.5150E-01 4.9970E-01 4.3567E-01 3.7033E-01 3.1367E-01
1.6704E-02 1.7792E-02 1.8918E-02 2.0093E-02 2.1303E-02 2.2593E-02 2.3920E-02 2.5334E-02 2.6815E-02 2.8400E-02 3.0068E-02 3.1867E-02 3.3804E-02 3.5897E-02 3.8172E-02 4.0638E-02 4.3367E-02 4.6310E-02 4.9527E-02 5.3084E-02 5.6989E-02 6.1325E-02 6.6127E-02 7.1392E-02 7.7286E-02 8.3905E-02 9.1376E-02 9.9786E-02 1.0932E-01 1.2016E-01 1.3257E-01 1.4693E-01 1.6370E-01 1.8366E-01 2.0704E-01 2.3461E-01 2.6698E-01 3.0405E-01 3.4637E-01 3.9386E-01 4.4531E-01 4.9890E-01 5.5262E-01 6.0149E-01 6.4083E-01 6.6850E-01 6.8980E-01 7.0034E-01 7.0204E-01 6.9904E-01 6.9107E-01 6.6510E-01 6.1469E-01 5.4044E-01 4.5718E-01 3.7965E-01 3.1668E-01
1.6277E-02 1.7331E-02 1.8428E-02 1.9554E-02 2.0727E-02 2.1959E-02 2.3254E-02 2.4612E-02 2.6035E-02 2.7571E-02 2.9197E-02 3.0897E-02 3.2755E-02 3.4787E-02 3.6968E-02 3.9318E-02 4.1937E-02 4.4758E-02 4.7844E-02 5.1259E-02 5.4988E-02 5.9132E-02 6.3731E-02 6.8815E-02 7.4459E-02 8.0797E-02 8.8061E-02 9.6217E-02 1.0554E-01 1.1615E-01 1.2841E-01 1.4265E-01 1.5945E-01 1.7977E-01 2.0345E-01 2.3197E-01 2.6591E-01 3.0562E-01 3.5198E-01 4.0578E-01 4.6554E-01 5.3140E-01 6.0085E-01 6.6766E-01 7.2351E-01 7.6461E-01 8.0081E-01 8.2352E-01 8.3215E-01 8.3114E-01 8.1867E-01 7.7357E-01 6.9059E-01 5.8246E-01 4.7563E-01 3.8584E-01 3.1789E-01
1.5863E-02 1.6889E-02 1.7936E-02 1.9027E-02 2.0174E-02 2.1361E-02 2.2610E-02 2.3924E-02 2.5293E-02 2.6767E-02 2.8324E-02 2.9983E-02 3.1742E-02 3.3686E-02 3.5777E-02 3.8038E-02 4.0534E-02 4.3231E-02 4.6210E-02 4.9452E-02 5.3037E-02 5.6980E-02 6.1376E-02 6.6216E-02 7.1634E-02 7.7691E-02 8.4698E-02 9.2554E-02 1.0160E-01 1.1191E-01 1.2388E-01 1.3781E-01 1.5436E-01 1.7449E-01 1.9793E-01 2.2666E-01 2.6103E-01 3.0178E-01 3.5134E-01 4.0901E-01 4.7651E-01 5.5585E-01 6.4555E-01 7.3891E-01 8.2686E-01 8.9930E-01 9.6323E-01 1.0067E+00 1.0279E+00 1.0308E+00 1.0096E+00 9.2948E-01 7.9096E-01 6.3333E-01 4.9686E-01 3.9432E-01 3.2123E-01
1.5453E-02 1.6445E-02 1.7465E-02 1.8527E-02 1.9628E-02 2.0785E-02 2.1984E-02 2.3254E-02 2.4579E-02 2.5989E-02 2.7482E-02 2.9058E-02 3.0784E-02 3.2623E-02 3.4627E-02 3.6800E-02 3.9178E-02 4.1752E-02 4.4575E-02 4.7672E-02 5.1107E-02 5.4880E-02 5.9044E-02 6.3652E-02 6.8824E-02 7.4627E-02 8.1285E-02 8.8816E-02 9.7543E-02 1.0746E-01 1.1903E-01 1.3244E-01 1.4851E-01 1.6787E-01 1.9060E-01 2.1868E-01 2.5189E-01 2.9224E-01 3.4220E-01 4.0178E-01 4.7534E-01 5.6675E-01 6.7733E-01 8.0632E-01 9.4546E-01 1.0745E+00 1.1858E+00 1.2612E+00 1.3039E+00 1.3151E+00 1.2756E+00 1.1291E+00 9.0477E-01 6.8597E-01 5.1920E-01 4.0402E-01 3.2570E-01
1.5056E-02 1.6006E-02 1.6998E-02 1.8025E-02 1.9093E-02 2.0203E-02 2.1371E-02 2.2585E-02 2.3868E-02 2.5220E-02 2.6651E-02 2.8167E-02 2.9812E-02 3.1582E-02 3.3500E-02 3.5579E-02 3.7837E-02 4.0293E-02 4.2974E-02 4.5926E-02 4.9179E-02 5.2772E-02 5.6708E-02 6.1092E-02 6.5991E-02 7.1530E-02 7.7839E-02 8.5034E-02 9.3290E-02 1.0277E-01 1.1379E-01 1.2658E-01 1.4203E-01 1.6011E-01 1.8154E-01 2.0799E-01 2.3898E-01 2.7762E-01 3.2520E-01 3.8416E-01 4.5917E-01 5.5829E-01 6.8781E-01 8.5637E-01 1.0634E+00 1.2832E+00 1.4904E+00 1.6408E+00 1.7346E+00 1.7628E+00 1.6723E+00 1.3779E+00 1.0176E+00 7.3576E-01 5.4405E-01 4.1718E-01 3.3265E-01
1.4668E-02 1.5582E-02 1.6546E-02 1.7533E-02 1.8568E-02 1.9644E-02 2.0758E-02 2.1937E-02 2.3173E-02 2.4466E-02 2.5829E-02 2.7295E-02 2.8870E-02 3.0543E-02 3.2388E-02 3.4350E-02 3.6513E-02 3.8855E-02 4.1401E-02 4.4179E-02 4.7257E-02 5.0677E-02 5.4399E-02 5.8510E-02 6.3120E-02 6.8353E-02 7.4317E-02 8.1148E-02 8.8860E-02 9.7847E-02 1.0821E-01 1.2017E-01 1.3466E-01 1.5117E-01 1.7091E-01 1.9510E-01 2.2339E-01 2.5887E-01 3.0243E-01 3.5761E-01 4.2940E-01 5.2885E-01 6.6866E-01 8.6788E-01 1.1420E+00 1.4933E+00 1.9117E+00 2.2696E+00 2.4937E+00 2.5542E+00 2.3082E+00 1.6740E+00 1.1240E+00 7.8298E-01 5.7149E-01 4.3418E-01 3.4180E-01
