inst/extdata/rank(176)_odor_1hr_conc.grd
DSAA
         101         101
     737.625     742.625
    5081.125    5086.125
  0.2757E-01  0.1301E+03
[rows 75 to 99 of 101, columns 0 to 56 of 101]
7.6767E-02 7.9305E-02 8.1518E-02 8.4305E-02 8.5947E-02 8.9823E-02 9.4043E-02 9.6909E-02 9.9343E-02 1.0281E-01 1.0410E-01 1.0820E-01 1.1389E-01 1.1809E-01 1.2051E-01 1.2306E-01 1.2958E-01 1.3658E-01 1.4142E-01 1.4636E-01 1.4895E-01 1.4699E-01 1.4771E-01 1.5390E-01 1.6150E-01 1.6815E-01 1.7256E-01 1.7523E-01 1.8258E-01 1.8840E-01 1.9247E-01 1.9385E-01 1.9977E-01 2.0431E-01 2.1322E-01 2.2336E-01 2.3399E-01 2.4861E-01 2.6012E-01 2.7032E-01 2.8521E-01 2.9252E-01 2.9163E-01 3.0251E-01 3.0627E-01 3.1893E-01 3.2351E-01 3.2139E-01 3.2512E-01 3.2690E-01 3.5284E-01 3.6736E-01 3.6496E-01 3.5726E-01 3.8378E-01 3.9028E-01 4.0104E-01
7.3773E-02 7.5758E-02 7.8561E-02 8.0696E-02 8.3191E-02 8.6007E-02 8.9120E-02 9.2656E-02 9.4823E-02 9.6846E-02 1.0114E-01 1.0473E-01 1.0839E-01 1.0960E-01 1.1345E-01 1.1751E-01 1.2444E-01 1.2914E-01 1.3430E-01 1.3647E-01 1.3538E-01 1.3596E-01 1.4287E-01 1.4906E-01 1.5803E-01 1.5904E-01 1.6151E-01 1.6897E-01 1.7254E-01 1.7532E-01 1.8332E-01 1.8607E-01 1.8854E-01 1.9424E-01 2.0344E-01 2.1390E-01 2.2375E-01 2.3526E-01 2.4346E-01 2.5485E-01 2.6574E-01 2.6315E-01 2.7120E-01 2.7865E-01 2.8538E-01 2.9303E-01 3.0077E-01 2.9930E-01 3.0007E-01 3.0560E-01 3.2394E-01 3.4011E-01 3.3961E-01 3.3366E-01 3.4087E-01 3.5895E-01 3.6897E-01
7.0018E-02 7.3323E-02 7.6327E-02 7.8313E-02 8.1006E-02 8.3713E-02 8.7173E-02 8.8204E-02 9.0383E-02 9.5093E-02 9.6909E-02 9.9860E-02 1.0195E-01 1.0605E-01 1.0828E-01 1.1246E-01 1.1794E-01 1.2298E-01 1.2514E-01 1.2632E-01 1.2711E-01 1.3230E-01 1.3999E-01 1.4505E-01 1.4719E-01 1.4928E-01 1.5525E-01 1.5669E-01 1.6049E-01 1.6785E-01 1.7271E-01 1.7498E-01 1.8027E-01 1.8500E-01 1.9126E-01 2.0058E-01 2.1210E-01 2.2152E-01 2.2544E-01 2.4395E-01 2.4337E-01 2.5408E-01 2.5423E-01 2.6148E-01 2.6724E-01 2.7003E-01 2.7451E-01 2.8010E-01 2.7493E-01 2.8500E-01 2.9882E-01 3.0688E-01 3.1296E-01 3.0408E-01 3.0335E-01 3.2600E-01 3.3460E-01
6.7674E-02 7.0703E-02 7.2667E-02 7.5408E-02 7.7553E-02 7.9590E-02 8.2362E-02 8.4607E-02 8.8322E-02 9.0447E-02 9.2483E-02 9.4526E-02 9.7492E-02 1.0225E-01 1.0602E-01 1.0979E-01 1.1120E-01 1.1542E-01 1.1640E-01 1.1800E-01 1.2327E-01 1.2719E-01 1.3174E-01 1.3246E-01 1.3690E-01 1.4342E-01 1.4525E-01 1.4765E-01 1.5195E-01 1.5821E-01 1.6303E-01 1.6561E-01 1.6924E-01 1.7730E-01 1.8476E-01 1.9208E-01 2.0186E-01 2.0353E-01 2.1276E-01 2.2062E-01 2.2573E-01 2.3434E-01 2.3816E-01 2.4278E-01 2.4621E-01 2.4867E-01 2.5172E-01 2.5702E-01 2.5294E-01 2.6350E-01 2.7035E-01 2.8113E-01 2.9038E-01 2.8113E-01 2.7988E-01 2.9593E-01 3.0700E-01
6.4530E-02 6.7882E-02 6.9473E-02 7.1430E-02 7.3952E-02 7.5661E-02 7.7372E-02 8.1840E-02 8.2734E-02 8.5016E-02 8.6168E-02 8.9632E-02 9.1177E-02 9.8410E-02 1.0107E-01 1.0330E-01 1.0514E-01 1.0688E-01 1.1019E-01 1.1539E-01 1.1563E-01 1.2012E-01 1.2441E-01 1.2732E-01 1.2889E-01 1.3274E-01 1.3586E-01 1.3918E-01 1.4573E-01 1.5165E-01 1.5360E-01 1.5605E-01 1.6160E-01 1.7059E-01 1.7589E-01 1.8377E-01 1.8686E-01 1.8961E-01 1.9871E-01 2.0558E-01 2.1020E-01 2.1530E-01 2.2148E-01 2.2537E-01 2.2842E-01 2.2599E-01 2.3372E-01 2.3980E-01 2.3510E-01 2.4621E-01 2.5182E-01 2.5673E-01 2.6625E-01 2.5763E-01 2.6160E-01 2.7175E-01 2.8665E-01
6.1996E-02 6.4453E-02 6.5882E-02 6.7237E-02 6.8978E-02 7.1742E-02 7.2592E-02 7.5022E-02 7.7780E-02 7.9475E-02 8.3156E-02 8.5790E-02 8.9210E-02 9.2839E-02 9.6744E-02 9.8498E-02 9.9394E-02 1.0166E-01 1.0535E-01 1.0751E-01 1.1104E-01 1.1447E-01 1.1654E-01 1.1811E-01 1.2310E-01 1.2599E-01 1.2908E-01 1.3180E-01 1.3766E-01 1.4058E-01 1.4411E-01 1.4852E-01 1.5578E-01 1.6184E-01 1.6499E-01 1.7219E-01 1.7447E-01 1.7716E-01 1.8597E-01 1.9301E-01 1.9323E-01 1.9991E-01 2.0422E-01 2.1139E-01 2.1016E-01 2.0690E-01 2.1363E-01 2.1594E-01 2.1830E-01 2.2614E-01 2.2866E-01 2.3824E-01 2.4083E-01 2.3900E-01 2.3801E-01 2.5028E-01 2.7031E-01
5.9855E-02 6.1962E-02 6.3222E-02 6.4380E-02 6.6150E-02 6.8289E-02 6.9666E-02 7.3271E-02 7.4335E-02 7.7542E-02 8.0673E-02 8.3115E-02 8.6089E-02 8.9437E-02 9.1464E-02 9.2837E-02 9.4141E-02 9.7336E-02 9.8937E-02 1.0021E-01 1.0406E-01 1.0758E-01 1.0911E-01 1.1306E-01 1.1514E-01 1.1798E-01 1.2280E-01 1.2682E-01 1.3075E-01 1.3517E-01 1.3582E-01 1.4191E-01 1.4726E-01 1.5121E-01 1.5674E-01 1.6019E-01 1.6246E-01 1.6748E-01 1.7239E-01 1.7810E-01 1.7884E-01 1.8630E-01 1.9053E-01 1.9292E-01 1.9275E-01 1.9378E-01 1.9870E-01 1.9997E-01 2.0441E-01 2.0933E-01 2.1569E-01 2.2133E-01 2.2402E-01 2.2074E-01 2.2322E-01 2.2977E-01 2.4906E-01
5.7124E-02 5.9144E-02 6.0034E-02 6.1243E-02 6.4053E-02 6.5105E-02 6.7433E-02 6.9391E-02 7.2607E-02 7.5197E-02 7.7306E-02 7.8737E-02 8.2391E-02 8.5348E-02 8.6093E-02 8.7539E-02 8.8409E-02 9.1645E-02 9.4163E-02 9.6065E-02 9.9153E-02 1.0205E-01 1.0399E-01 1.0525E-01 1.0893E-01 1.1095E-01 1.1609E-01 1.2025E-01 1.2389E-01 1.2626E-01 1.2838E-01 1.3278E-01 1.3993E-01 1.4332E-01 1.4743E-01 1.4943E-01 1.5472E-01 1.5678E-01 1.6191E-01 1.6788E-01 1.7003E-01 1.7019E-01 1.7781E-01 1.7794E-01 1.7617E-01 1.8006E-01 1.8440E-01 1.8681E-01 1.8938E-01 1.9137E-01 2.0225E-01 2.0313E-01 2.0743E-01 2.0729E-01 2.0826E-01 2.1542E-01 2.2538E-01
5.4828E-02 5.6274E-02 5.8139E-02 5.9109E-02 6.0665E-02 6.2126E-02 6.5381E-02 6.7378E-02 6.9684E-02 7.1042E-02 7.3608E-02 7.5426E-02 7.7434E-02 7.9597E-02 8.0939E-02 8.1708E-02 8.5051E-02 8.5962E-02 8.9020E-02 9.1870E-02 9.4295E-02 9.6874E-02 9.6360E-02 1.0042E-01 1.0267E-01 1.0542E-01 1.1041E-01 1.1290E-01 1.1650E-01 1.2084E-01 1.2124E-01 1.2598E-01 1.3078E-01 1.3607E-01 1.3825E-01 1.4088E-01 1.4375E-01 1.4892E-01 1.5092E-01 1.5634E-01 1.5853E-01 1.6068E-01 1.6312E-01 1.6670E-01 1.6637E-01 1.6908E-01 1.7355E-01 1.7644E-01 1.7854E-01 1.7963E-01 1.8896E-01 1.9266E-01 1.9408E-01 1.9288E-01 1.9586E-01 2.0035E-01 2.0723E-01
5.2268E-02 5.3795E-02 5.5515E-02 5.7312E-02 5.8188E-02 6.0242E-02 6.2685E-02 6.4442E-02 6.5944E-02 6.7477E-02 7.0145E-02 7.3034E-02 7.4096E-02 7.4467E-02 7.6538E-02 7.8663E-02 7.8970E-02 8.2584E-02 8.4342E-02 8.6362E-02 9.0170E-02 9.0618E-02 9.2840E-02 9.5476E-02 9.7256E-02 1.0211E-01 1.0359E-01 1.0715E-01 1.1085E-01 1.1373E-01 1.1458E-01 1.1942E-01 1.2458E-01 1.2737E-01 1.3043E-01 1.3115E-01 1.3545E-01 1.4101E-01 1.4114E-01 1.4649E-01 1.4857E-01 1.4798E-01 1.5183E-01 1.5403E-01 1.5818E-01 1.5768E-01 1.6473E-01 1.6817E-01 1.6856E-01 1.6927E-01 1.7841E-01 1.8099E-01 1.8157E-01 1.8068E-01 1.8002E-01 1.8300E-01 1.9359E-01
4.9744E-02 5.1831E-02 5.3494E-02 5.5350E-02 5.6561E-02 5.8069E-02 5.9877E-02 6.2068E-02 6.3890E-02 6.4950E-02 6.6776E-02 6.8988E-02 7.0416E-02 7.1088E-02 7.3935E-02 7.5030E-02 7.8384E-02 8.0175E-02 8.0018E-02 8.2846E-02 8.4324E-02 8.6812E-02 8.8722E-02 9.0984E-02 9.4358E-02 9.7088E-02 9.7925E-02 1.0092E-01 1.0464E-01 1.0573E-01 1.1008E-01 1.1331E-01 1.1809E-01 1.1951E-01 1.2124E-01 1.2400E-01 1.2623E-01 1.3049E-01 1.3191E-01 1.3648E-01 1.3799E-01 1.3956E-01 1.4412E-01 1.4316E-01 1.4830E-01 1.4941E-01 1.5533E-01 1.5939E-01 1.6099E-01 1.5994E-01 1.6640E-01 1.6587E-01 1.7007E-01 1.6863E-01 1.6831E-01 1.7113E-01 1.7887E-01
4.8289E-02 5.0205E-02 5.1658E-02 5.2653E-02 5.4068E-02 5.6071E-02 5.8531E-02 5.9511E-02 6.0073E-02 6.2971E-02 6.4831E-02 6.5740E-02 6.7691E-02 6.9386E-02 7.1240E-02 7.2839E-02 7.4626E-02 7.5432E-02 7.8322E-02 7.7975E-02 8.0728E-02 8.2283E-02 8.5450E-02 8.6821E-02 9.0479E-02 9.0491E-02 9.2796E-02 9.7912E-02 9.9224E-02 1.0208E-01 1.0548E-01 1.0697E-01 1.0935E-01 1.1010E-01 1.1427E-01 1.1626E-01 1.1940E-01 1.2139E-01 1.2679E-01 1.3004E-01 1.2905E-01 1.3251E-01 1.3632E-01 1.3405E-01 1.3993E-01 1.4099E-01 1.4637E-01 1.5123E-01 1.5145E-01 1.5378E-01 1.5936E-01 1.5789E-01 1.5846E-01 1.5849E-01 1.5757E-01 1.5813E-01 1.6439E-01
4.6440E-02 4.7511E-02 4.9545E-02 5.1185E-02 5.3003E-02 5.3652E-02 5.5321E-02 5.6538E-02 5.8091E-02 5.9049E-02 6.0783E-02 6.2153E-02 6.4414E-02 6.5374E-02 6.7917E-02 6.9426E-02 7.0807E-02 7.2889E-02 7.3439E-02 7.4518E-02 7.5827E-02 7.7916E-02 8.0696E-02 8.2647E-02 8.4102E-02 8.4085E-02 8.7894E-02 9.1716E-02 9.5467E-02 9.6639E-02 9.8620E-02 1.0101E-01 1.0159E-01 1.0307E-01 1.0587E-01 1.0894E-01 1.1252E-01 1.1467E-01 1.1882E-01 1.2198E-01 1.2158E-01 1.2471E-01 1.2875E-01 1.2697E-01 1.3162E-01 1.3049E-01 1.3659E-01 1.4172E-01 1.4177E-01 1.4475E-01 1.4714E-01 1.4668E-01 1.4736E-01 1.4713E-01 1.4761E-01 1.4700E-01 1.5249E-01
4.3938E-02 4.6095E-02 4.7684E-02 4.8598E-02 4.9138E-02 5.1070E-02 5.2355E-02 5.4329E-02 5.5125E-02 5.7109E-02 5.7889E-02 5.9752E-02 6.0623E-02 6.2775E-02 6.5527E-02 6.6793E-02 6.8608E-02 6.9699E-02 6.9334E-02 7.1368E-02 7.2919E-02 7.4587E-02 7.5375E-02 7.6712E-02 7.8200E-02 8.0182E-02 8.4190E-02 8.7263E-02 8.9915E-02 9.1175E-02 9.3950E-02 9.3940E-02 9.5663E-02 9.7454E-02 9.9909E-02 1.0358E-01 1.0551E-01 1.0974E-01 1.1289E-01 1.1327E-01 1.1537E-01 1.1761E-01 1.1937E-01 1.2069E-01 1.2332E-01 1.2249E-01 1.2727E-01 1.3152E-01 1.3333E-01 1.3907E-01 1.4072E-01 1.3937E-01 1.3870E-01 1.4068E-01 1.3905E-01 1.3854E-01 1.4000E-01
4.2374E-02 4.4150E-02 4.4480E-02 4.5640E-02 4.7095E-02 4.8923E-02 5.0786E-02 5.2083E-02 5.3636E-02 5.4228E-02 5.5791E-02 5.5964E-02 5.7605E-02 6.0476E-02 6.2575E-02 6.4991E-02 6.5327E-02 6.5534E-02 6.7232E-02 6.8213E-02 7.0522E-02 7.0911E-02 7.1926E-02 7.3145E-02 7.3747E-02 7.6137E-02 8.1533E-02 8.3661E-02 8.5100E-02 8.5744E-02 8.7372E-02 9.0626E-02 8.9566E-02 9.2557E-02 9.5270E-02 9.8761E-02 1.0062E-01 1.0418E-01 1.0778E-01 1.0763E-01 1.0881E-01 1.0989E-01 1.1136E-01 1.1455E-01 1.1586E-01 1.1643E-01 1.1966E-01 1.2270E-01 1.2692E-01 1.3231E-01 1.3163E-01 1.3175E-01 1.3069E-01 1.3407E-01 1.2851E-01 1.2766E-01 1.3060E-01
3.9836E-02 4.1175E-02 4.3073E-02 4.4125E-02 4.5814E-02 4.7378E-02 4.8672E-02 5.0263E-02 5.1298E-02 5.2760E-02 5.3117E-02 5.4163E-02 5.7325E-02 5.6066E-02 5.9360E-02 6.0915E-02 6.2053E-02 6.3887E-02 6.5486E-02 6.5103E-02 6.7444E-02 6.7511E-02 6.8088E-02 6.8728E-02 7.0364E-02 7.3489E-02 7.6646E-02 7.7495E-02 7.9905E-02 8.0691E-02 8.2500E-02 8.4886E-02 8.6353E-02 8.9129E-02 9.0615E-02 9.2872E-02 9.7290E-02 1.0009E-01 1.0081E-01 1.0218E-01 1.0354E-01 1.0574E-01 1.0723E-01 1.0855E-01 1.0930E-01 1.1030E-01 1.1158E-01 1.1654E-01 1.2111E-01 1.2427E-01 1.2504E-01 1.2384E-01 1.2370E-01 1.2530E-01 1.2164E-01 1.2151E-01 1.2325E-01
3.8194E-02 4.0137E-02 4.1529E-02 4.2400E-02 4.3540E-02 4.5443E-02 4.6849E-02 4.8295E-02 4.8764E-02 5.0311E-02 5.0704E-02 5.1769E-02 5.2654E-02 5.4009E-02 5.6362E-02 5.7605E-02 5.9728E-02 6.1313E-02 6.2647E-02 6.2696E-02 6.3286E-02 6.3796E-02 6.4772E-02 6.5274E-02 6.7478E-02 7.0949E-02 7.2614E-02 7.3377E-02 7.5371E-02 7.7007E-02 7.8931E-02 8.0729E-02 8.0960E-02 8.5678E-02 8.5933E-02 9.0150E-02 9.2779E-02 9.5063E-02 9.4951E-02 9.5464E-02 9.7318E-02 9.8906E-02 1.0222E-01 1.0248E-01 1.0263E-01 1.0441E-01 1.0729E-01 1.0826E-01 1.1313E-01 1.1710E-01 1.1573E-01 1.1598E-01 1.1682E-01 1.1578E-01 1.1621E-01 1.1579E-01 1.1513E-01
3.7397E-02 3.8668E-02 3.9485E-02 4.0850E-02 4.2730E-02 4.3590E-02 4.4956E-02 4.5830E-02 4.6208E-02 4.7397E-02 4.8883E-02 4.9605E-02 5.1016E-02 5.2812E-02 5.3073E-02 5.4598E-02 5.7346E-02 5.8105E-02 5.8420E-02 5.8742E-02 5.9734E-02 6.0454E-02 6.1816E-02 6.3265E-02 6.5003E-02 6.7095E-02 6.8955E-02 7.0175E-02 7.2439E-02 7.3252E-02 7.4692E-02 7.4748E-02 7.7995E-02 8.1161E-02 8.1222E-02 8.6514E-02 8.7089E-02 8.8338E-02 8.9331E-02 9.0558E-02 9.1998E-02 9.2298E-02 9.5913E-02 9.6836E-02 9.6971E-02 9.9626E-02 1.0279E-01 1.0330E-01 1.0990E-01 1.0804E-01 1.1177E-01 1.1005E-01 1.1132E-01 1.1030E-01 1.1160E-01 1.1058E-01 1.0882E-01
3.6350E-02 3.7273E-02 3.8324E-02 3.9338E-02 4.0493E-02 4.1275E-02 4.2745E-02 4.3425E-02 4.4617E-02 4.5697E-02 4.7139E-02 4.8180E-02 4.8351E-02 4.9767E-02 5.1147E-02 5.2545E-02 5.3569E-02 5.4432E-02 5.5923E-02 5.6754E-02 5.6851E-02 5.7719E-02 5.9159E-02 6.1297E-02 6.1657E-02 6.3956E-02 6.5664E-02 6.7016E-02 6.7656E-02 6.9249E-02 7.0124E-02 7.2241E-02 7.3977E-02 7.6275E-02 7.8633E-02 7.9708E-02 8.3699E-02 8.1998E-02 8.3328E-02 8.6675E-02 8.6456E-02 8.5221E-02 8.8890E-02 9.0574E-02 9.1483E-02 9.3500E-02 9.6348E-02 9.8831E-02 1.0281E-01 1.0293E-01 1.0453E-01 1.0425E-01 1.0580E-01 1.0606E-01 1.0570E-01 1.0416E-01 1.0281E-01
3.4822E-02 3.5632E-02 3.6787E-02 3.7626E-02 3.8356E-02 4.0234E-02 4.0997E-02 4.1820E-02 4.2331E-02 4.3623E-02 4.4447E-02 4.6063E-02 4.7320E-02 4.8396E-02 4.9608E-02 5.0788E-02 5.1418E-02 5.2172E-02 5.3055E-02 5.3772E-02 5.4759E-02 5.5120E-02 5.6584E-02 5.7395E-02 5.9254E-02 6.0744E-02 6.2270E-02 6.3641E-02 6.4232E-02 6.5677E-02 6.6932E-02 6.8276E-02 6.9157E-02 7.3657E-02 7.4916E-02 7.6731E-02 7.8106E-02 7.6058E-02 8.0199E-02 8.1744E-02 8.1708E-02 8.0995E-02 8.3229E-02 8.6222E-02 8.6849E-02 8.9289E-02 9.1798E-02 9.3990E-02 9.7175E-02 9.7637E-02 9.9148E-02 9.9398E-02 1.0058E-01 1.0085E-01 9.9771E-02 9.8691E-02 9.7597E-02
3.3192E-02 3.4551E-02 3.4868E-02 3.6307E-02 3.7465E-02 3.8436E-02 3.9058E-02 3.9636E-02 4.0124E-02 4.0886E-02 4.1895E-02 4.3293E-02 4.4800E-02 4.6008E-02 4.6614E-02 4.7345E-02 4.8327E-02 4.9333E-02 5.0317E-02 5.1318E-02 5.2076E-02 5.2547E-02 5.3984E-02 5.5410E-02 5.6587E-02 5.7010E-02 5.8342E-02 5.9786E-02 6.0816E-02 6.2848E-02 6.1749E-02 6.6295E-02 6.5707E-02 6.7634E-02 7.2220E-02 7.2475E-02 7.2858E-02 7.2936E-02 7.5487E-02 7.7290E-02 7.6491E-02 7.6982E-02 7.8274E-02 8.1527E-02 8.3201E-02 8.2985E-02 8.6672E-02 8.8511E-02 9.1840E-02 9.3226E-02 9.4685E-02 9.5490E-02 9.6447E-02 9.5108E-02 9.4561E-02 9.2847E-02 9.3986E-02
3.2385E-02 3.3305E-02 3.3982E-02 3.4659E-02 3.5569E-02 3.6341E-02 3.7394E-02 3.7882E-02 3.8459E-02 3.9289E-02 4.0819E-02 4.1613E-02 4.2546E-02 4.3138E-02 4.4239E-02 4.4991E-02 4.6363E-02 4.7202E-02 4.8377E-02 4.8876E-02 5.0091E-02 5.0613E-02 5.1609E-02 5.2880E-02 5.3967E-02 5.3991E-02 5.5123E-02 5.6411E-02 5.8389E-02 5.8519E-02 5.8971E-02 6.1005E-02 6.2418E-02 6.3988E-02 6.6592E-02 6.7349E-02 6.8279E-02 6.8796E-02 7.1144E-02 6.9811E-02 7.0958E-02 7.3159E-02 7.3853E-02 7.6386E-02 7.8935E-02 8.0616E-02 8.2041E-02 8.2905E-02 8.5682E-02 8.7838E-02 8.8692E-02 8.9853E-02 9.0498E-02 8.9961E-02 8.7153E-02 8.7154E-02 8.8861E-02
3.0978E-02 3.1367E-02 3.2357E-02 3.2858E-02 3.3998E-02 3.5125E-02 3.5760E-02 3.6181E-02 3.7488E-02 3.8249E-02 3.9200E-02 3.9744E-02 4.0527E-02 4.1441E-02 4.2337E-02 4.3221E-02 4.4528E-02 4.5555E-02 4.5809E-02 4.6424E-02 4.7369E-02 4.8516E-02 4.9158E-02 4.9496E-02 5.0536E-02 5.1471E-02 5.3275E-02 5.4223E-02 5.5644E-02 5.4321E-02 5.5638E-02 5.6503E-02 5.8673E-02 6.0310E-02 6.2698E-02 6.3510E-02 6.3051E-02 6.4452E-02 6.7785E-02 6.6530E-02 6.6884E-02 6.7423E-02 7.0770E-02 7.2231E-02 7.4179E-02 7.6042E-02 7.8580E-02 7.8822E-02 8.1383E-02 8.2560E-02 8.4762E-02 8.3870E-02 8.4689E-02 8.4921E-02 8.2471E-02 8.2823E-02 8.2014E-02
2.9247E-02 3.0228E-02 3.1222E-02 3.1867E-02 3.2622E-02 3.3712E-02 3.4184E-02 3.4607E-02 3.5816E-02 3.6828E-02 3.7470E-02 3.8554E-02 3.9437E-02 3.9824E-02 4.0737E-02 4.2077E-02 4.2892E-02 4.3675E-02 4.4060E-02 4.4599E-02 4.5151E-02 4.6700E-02 4.6802E-02 4.7342E-02 4.8080E-02 4.9609E-02 5.0125E-02 5.0585E-02 5.1845E-02 5.0969E-02 5.2255E-02 5.3910E-02 5.5692E-02 5.7040E-02 5.9613E-02 6.0568E-02 5.8805E-02 6.0568E-02 6.3408E-02 6.2800E-02 6.4180E-02 6.4090E-02 6.6604E-02 6.8851E-02 6.8667E-02 7.3051E-02 7.4263E-02 7.5440E-02 7.7393E-02 7.9156E-02 8.0766E-02 7.8864E-02 8.0200E-02 7.8567E-02 7.8372E-02 7.8744E-02 7.7727E-02
2.8435E-02 2.9327E-02 3.0647E-02 3.0471E-02 3.1407E-02 3.2415E-02 3.2659E-02 3.3116E-02 3.3969E-02 3.4881E-02 3.5953E-02 3.6496E-02 3.7584E-02 3.8456E-02 3.9394E-02 4.0226E-02 4.0629E-02 4.1887E-02 4.2017E-02 4.2445E-02 4.3660E-02 4.4384E-02 4.4598E-02 4.5631E-02 4.6704E-02 4.6965E-02 4.6990E-02 4.8005E-02 4.8455E-02 4.8564E-02 4.9301E-02 5.0621E-02 5.2215E-02 5.4120E-02 5.6688E-02 5.6480E-02 5.5683E-02 5.7604E-02 5.8559E-02 6.0347E-02 6.0917E-02 6.1555E-02 6.3122E-02 6.4273E-02 6.4458E-02 6.7177E-02 6.9182E-02 7.2368E-02 7.3975E-02 7.6318E-02 7.5181E-02 7.5380E-02 7.6263E-02 7.5336E-02 7.3692E-02 7.4369E-02 7.3464E-02
