inst/extdata/rank(0)_cd_2952hr_conc_cd.grd
DSAA
          81          81
     760.250     764.250
    5036.750    5040.750
  0.1943E-02  0.2880E+00
[rows 25 to 49 of 81, columns 0 to 56 of 81]
4.3532E-03 4.5739E-03 4.8072E-03 5.0515E-03 5.3099E-03 5.5829E-03 5.8806E-03 6.2233E-03 6.6175E-03 7.0706E-03 7.5804E-03 8.1447E-03 8.7547E-03 9.4242E-03 1.0133E-02 1.0865E-02 1.1636E-02 1.2459E-02 1.3369E-02 1.4419E-02 1.5615E-02 1.6963E-02 1.8464E-02 2.0151E-02 2.2167E-02 2.4517E-02 2.7079E-02 2.9768E-02 3.2709E-02 3.6195E-02 4.0606E-02 4.6092E-02 5.2341E-02 5.9135E-02 6.6611E-02 7.3308E-02 7.7347E-02 7.9772E-02 8.1841E-02 8.2467E-02 8.0944E-02 7.7503E-02 7.1659E-02 6.5467E-02 6.0717E-02 5.5493E-02 4.9078E-02 4.3240E-02 3.8128E-02 3.3367E-02 2.9645E-02 2.7416E-02 2.6026E-02 2.4957E-02 2.4056E-02 2.3147E-02 2.2144E-02
4.3278E-03 4.5534E-03 4.7906E-03 5.0364E-03 5.2910E-03 5.5576E-03 5.8473E-03 6.1788E-03 6.5642E-03 7.0121E-03 7.5273E-03 8.1145E-03 8.7576E-03 9.4527E-03 1.0186E-02 1.0950E-02 1.1711E-02 1.2475E-02 1.3320E-02 1.4279E-02 1.5409E-02 1.6737E-02 1.8278E-02 1.9974E-02 2.1898E-02 2.4120E-02 2.6680E-02 2.9480E-02 3.2459E-02 3.5886E-02 4.0035E-02 4.5340E-02 5.1812E-02 5.9056E-02 6.7021E-02 7.4946E-02 8.0564E-02 8.3552E-02 8.5826E-02 8.6677E-02 8.5168E-02 8.1483E-02 7.5167E-02 6.8628E-02 6.3324E-02 5.7136E-02 5.0049E-02 4.3907E-02 3.8366E-02 3.3510E-02 3.0255E-02 2.8416E-02 2.7164E-02 2.6151E-02 2.5173E-02 2.4113E-02 2.2890E-02
4.2933E-03 4.5164E-03 4.7526E-03 4.9990E-03 5.2504E-03 5.5112E-03 5.8005E-03 6.1272E-03 6.5014E-03 6.9351E-03 7.4337E-03 8.0057E-03 8.6565E-03 9.3674E-03 1.0131E-02 1.0907E-02 1.1667E-02 1.2448E-02 1.3293E-02 1.4215E-02 1.5264E-02 1.6513E-02 1.8016E-02 1.9772E-02 2.1683E-02 2.3763E-02 2.6135E-02 2.8845E-02 3.1829E-02 3.5180E-02 3.9069E-02 4.4171E-02 5.0835E-02 5.8656E-02 6.7317E-02 7.6436E-02 8.3781E-02 8.7781E-02 9.0394E-02 9.1561E-02 9.0026E-02 8.6051E-02 7.9141E-02 7.2185E-02 6.6180E-02 5.8763E-02 5.1027E-02 4.4383E-02 3.8423E-02 3.3744E-02 3.0941E-02 2.9385E-02 2.8314E-02 2.7356E-02 2.6274E-02 2.4991E-02 2.3672E-02
4.2547E-03 4.4699E-03 4.6988E-03 4.9373E-03 5.1809E-03 5.4364E-03 5.7235E-03 6.0529E-03 6.4231E-03 6.8442E-03 7.3234E-03 7.8724E-03 8.4953E-03 9.1888E-03 9.9436E-03 1.0714E-02 1.1477E-02 1.2308E-02 1.3195E-02 1.4143E-02 1.5162E-02 1.6333E-02 1.7744E-02 1.9413E-02 2.1335E-02 2.3404E-02 2.5600E-02 2.8091E-02 3.0898E-02 3.4022E-02 3.7802E-02 4.2824E-02 4.9534E-02 5.7930E-02 6.7400E-02 7.7596E-02 8.6976E-02 9.2509E-02 9.5585E-02 9.7043E-02 9.5447E-02 9.1163E-02 8.3558E-02 7.6076E-02 6.9089E-02 6.0298E-02 5.1880E-02 4.4599E-02 3.8346E-02 3.4158E-02 3.1845E-02 3.0447E-02 2.9417E-02 2.8456E-02 2.7201E-02 2.5815E-02 2.4590E-02
4.2217E-03 4.4216E-03 4.6358E-03 4.8602E-03 5.0865E-03 5.3336E-03 5.6171E-03 5.9443E-03 6.3149E-03 6.7272E-03 7.1916E-03 7.7234E-03 8.3097E-03 8.9644E-03 9.6753E-03 1.0406E-02 1.1186E-02 1.2042E-02 1.2977E-02 1.3986E-02 1.5039E-02 1.6200E-02 1.7490E-02 1.9005E-02 2.0775E-02 2.2785E-02 2.4914E-02 2.7196E-02 2.9720E-02 3.2714E-02 3.6356E-02 4.1166E-02 4.7826E-02 5.6744E-02 6.7153E-02 7.8389E-02 8.9741E-02 9.7416E-02 1.0113E-01 1.0300E-01 1.0136E-01 9.6655E-02 8.8224E-02 8.0105E-02 7.1771E-02 6.1546E-02 5.2419E-02 4.4489E-02 3.8402E-02 3.4784E-02 3.2830E-02 3.1536E-02 3.0435E-02 2.9274E-02 2.8016E-02 2.6798E-02 2.5682E-02
4.1955E-03 4.3826E-03 4.5757E-03 4.7781E-03 4.9859E-03 5.2202E-03 5.4933E-03 5.8091E-03 6.1689E-03 6.5718E-03 7.0314E-03 7.5360E-03 8.1038E-03 8.7184E-03 9.3722E-03 1.0050E-02 1.0823E-02 1.1684E-02 1.2636E-02 1.3685E-02 1.4814E-02 1.6012E-02 1.7258E-02 1.8599E-02 2.0142E-02 2.1935E-02 2.3912E-02 2.6041E-02 2.8446E-02 3.1222E-02 3.4681E-02 3.9261E-02 4.5731E-02 5.4863E-02 6.6351E-02 7.8779E-02 9.1714E-02 1.0198E-01 1.0674E-01 1.0893E-01 1.0722E-01 1.0206E-01 9.2709E-02 8.3917E-02 7.3829E-02 6.2282E-02 5.2399E-02 4.4095E-02 3.8591E-02 3.5706E-02 3.3959E-02 3.2694E-02 3.1436E-02 3.0147E-02 2.8950E-02 2.7877E-02 2.6767E-02
4.1547E-03 4.3333E-03 4.5169E-03 4.7024E-03 4.8944E-03 5.1132E-03 5.3675E-03 5.6652E-03 6.0111E-03 6.3971E-03 6.8293E-03 7.3122E-03 7.8500E-03 8.4317E-03 9.0257E-03 9.6753E-03 1.0405E-02 1.1244E-02 1.2188E-02 1.3235E-02 1.4394E-02 1.5633E-02 1.6916E-02 1.8168E-02 1.9485E-02 2.0938E-02 2.2621E-02 2.4651E-02 2.6980E-02 2.9622E-02 3.2865E-02 3.7174E-02 4.3247E-02 5.2205E-02 6.4486E-02 7.8493E-02 9.2787E-02 1.0568E-01 1.1201E-01 1.1450E-01 1.1272E-01 1.0693E-01 9.6570E-02 8.6909E-02 7.4799E-02 6.2294E-02 5.1639E-02 4.3575E-02 3.9130E-02 3.6863E-02 3.5317E-02 3.3943E-02 3.2553E-02 3.1280E-02 3.0105E-02 2.8894E-02 2.7538E-02
4.0555E-03 4.2431E-03 4.4309E-03 4.6175E-03 4.8017E-03 5.0087E-03 5.2458E-03 5.5226E-03 5.8429E-03 6.2085E-03 6.6115E-03 7.0616E-03 7.5582E-03 8.0823E-03 8.6243E-03 9.2428E-03 9.9562E-03 1.0755E-02 1.1655E-02 1.2671E-02 1.3803E-02 1.5017E-02 1.6283E-02 1.7530E-02 1.8722E-02 1.9882E-02 2.1298E-02 2.3110E-02 2.5324E-02 2.7934E-02 3.1031E-02 3.5003E-02 4.0572E-02 4.8992E-02 6.1292E-02 7.6890E-02 9.2729E-02 1.0763E-01 1.1610E-01 1.1869E-01 1.1670E-01 1.1016E-01 9.8913E-02 8.8147E-02 7.4089E-02 6.1030E-02 5.0062E-02 4.3243E-02 4.0059E-02 3.8297E-02 3.6887E-02 3.5359E-02 3.3960E-02 3.2600E-02 3.1159E-02 2.9517E-02 2.7759E-02
3.8747E-03 4.0734E-03 4.2752E-03 4.4691E-03 4.6683E-03 4.8745E-03 5.1065E-03 5.3705E-03 5.6721E-03 6.0081E-03 6.3860E-03 6.7970E-03 7.2426E-03 7.7014E-03 8.2015E-03 8.7810E-03 9.4592E-03 1.0229E-02 1.1085E-02 1.2045E-02 1.3098E-02 1.4233E-02 1.5407E-02 1.6593E-02 1.7668E-02 1.8728E-02 1.9988E-02 2.1558E-02 2.3577E-02 2.6144E-02 2.9183E-02 3.2964E-02 3.7981E-02 4.5448E-02 5.7133E-02 7.3283E-02 9.1087E-02 1.0734E-01 1.1809E-01 1.2062E-01 1.1815E-01 1.1066E-01 9.8777E-02 8.6501E-02 7.1345E-02 5.7999E-02 4.8018E-02 4.3332E-02 4.1270E-02 3.9987E-02 3.8560E-02 3.7086E-02 3.5581E-02 3.3761E-02 3.1715E-02 2.9526E-02 2.7333E-02
3.6298E-03 3.8295E-03 4.0322E-03 4.2327E-03 4.4432E-03 4.6643E-03 4.9014E-03 5.1655E-03 5.4634E-03 5.7898E-03 6.1434E-03 6.5271E-03 6.9274E-03 7.3416E-03 7.7894E-03 8.3298E-03 8.9585E-03 9.6719E-03 1.0480E-02 1.1376E-02 1.2350E-02 1.3384E-02 1.4420E-02 1.5463E-02 1.6425E-02 1.7448E-02 1.8624E-02 2.0054E-02 2.1866E-02 2.4233E-02 2.7285E-02 3.0987E-02 3.5691E-02 4.2304E-02 5.2463E-02 6.8067E-02 8.7273E-02 1.0525E-01 1.1820E-01 1.2086E-01 1.1736E-01 1.0869E-01 9.5994E-02 8.1973E-02 6.6341E-02 5.3422E-02 4.6092E-02 4.3604E-02 4.2709E-02 4.1690E-02 4.0445E-02 3.8894E-02 3.6791E-02 3.4196E-02 3.1463E-02 2.8834E-02 2.6493E-02
3.3793E-03 3.5627E-03 3.7452E-03 3.9362E-03 4.1463E-03 4.3752E-03 4.6261E-03 4.9010E-03 5.1991E-03 5.5246E-03 5.8695E-03 6.2349E-03 6.6153E-03 6.9904E-03 7.4115E-03 7.9045E-03 8.4912E-03 9.1542E-03 9.8981E-03 1.0717E-02 1.1594E-02 1.2512E-02 1.3428E-02 1.4278E-02 1.5140E-02 1.6114E-02 1.7214E-02 1.8546E-02 2.0223E-02 2.2397E-02 2.5255E-02 2.9016E-02 3.3676E-02 3.9820E-02 4.8739E-02 6.2484E-02 8.1681E-02 1.0228E-01 1.1766E-01 1.2125E-01 1.1621E-01 1.0559E-01 9.1459E-02 7.5459E-02 5.9706E-02 4.8632E-02 4.4517E-02 4.4063E-02 4.3953E-02 4.3351E-02 4.2114E-02 3.9862E-02 3.6823E-02 3.3568E-02 3.0502E-02 2.7780E-02 2.5349E-02
3.1941E-03 3.3513E-03 3.5082E-03 3.6811E-03 3.8745E-03 4.0924E-03 4.3353E-03 4.6036E-03 4.8975E-03 5.2104E-03 5.5489E-03 5.9058E-03 6.2737E-03 6.6417E-03 7.0484E-03 7.5171E-03 8.0553E-03 8.6714E-03 9.3576E-03 1.0113E-02 1.0904E-02 1.1704E-02 1.2481E-02 1.3185E-02 1.3955E-02 1.4804E-02 1.5797E-02 1.7039E-02 1.8611E-02 2.0668E-02 2.3350E-02 2.6986E-02 3.1726E-02 3.7959E-02 4.6491E-02 5.9006E-02 7.6977E-02 9.8477E-02 1.1724E-01 1.2333E-01 1.1615E-01 1.0268E-01 8.5796E-02 6.7554E-02 5.2443E-02 4.4665E-02 4.3489E-02 4.4083E-02 4.4473E-02 4.4102E-02 4.2132E-02 3.8991E-02 3.5531E-02 3.2130E-02 2.9112E-02 2.6467E-02 2.4269E-02
3.0961E-03 3.2335E-03 3.3733E-03 3.5278E-03 3.7039E-03 3.9002E-03 4.1213E-03 4.3643E-03 4.6283E-03 4.9211E-03 5.2300E-03 5.5731E-03 5.9183E-03 6.2776E-03 6.6793E-03 7.1415E-03 7.6748E-03 8.2617E-03 8.9157E-03 9.6137E-03 1.0321E-02 1.1037E-02 1.1691E-02 1.2268E-02 1.2912E-02 1.3639E-02 1.4503E-02 1.5589E-02 1.7037E-02 1.8954E-02 2.1520E-02 2.5026E-02 2.9823E-02 3.6318E-02 4.5451E-02 5.7880E-02 7.4800E-02 9.6567E-02 1.1860E-01 1.2846E-01 1.1878E-01 1.0068E-01 7.9417E-02 5.8994E-02 4.5808E-02 4.1455E-02 4.1901E-02 4.2918E-02 4.3262E-02 4.2215E-02 3.9723E-02 3.6617E-02 3.3440E-02 3.0377E-02 2.7648E-02 2.5356E-02 2.3456E-02
3.0859E-03 3.2099E-03 3.3371E-03 3.4806E-03 3.6406E-03 3.8200E-03 4.0190E-03 4.2381E-03 4.4802E-03 4.7431E-03 5.0268E-03 5.3323E-03 5.6434E-03 5.9895E-03 6.3857E-03 6.8361E-03 7.3467E-03 7.9216E-03 8.5447E-03 9.2159E-03 9.8841E-03 1.0521E-02 1.1074E-02 1.1575E-02 1.2113E-02 1.2693E-02 1.3393E-02 1.4311E-02 1.5559E-02 1.7287E-02 1.9701E-02 2.3062E-02 2.7736E-02 3.4311E-02 4.3713E-02 5.7101E-02 7.4784E-02 9.7622E-02 1.2257E-01 1.3803E-01 1.2525E-01 9.9805E-02 7.2209E-02 5.0271E-02 4.0588E-02 3.8873E-02 3.9572E-02 3.9824E-02 3.9146E-02 3.7921E-02 3.6020E-02 3.3728E-02 3.1215E-02 2.8795E-02 2.6590E-02 2.4596E-02 2.2855E-02
3.1428E-03 3.2598E-03 3.3806E-03 3.5141E-03 3.6601E-03 3.8244E-03 4.0104E-03 4.2145E-03 4.4427E-03 4.6882E-03 4.9518E-03 5.2309E-03 5.5097E-03 5.8418E-03 6.2257E-03 6.6651E-03 7.1581E-03 7.7163E-03 8.3176E-03 8.9536E-03 9.5661E-03 1.0136E-02 1.0612E-02 1.1047E-02 1.1491E-02 1.1976E-02 1.2531E-02 1.3273E-02 1.4295E-02 1.5783E-02 1.7923E-02 2.1025E-02 2.5482E-02 3.1852E-02 4.0954E-02 5.4590E-02 7.4470E-02 1.0055E-01 1.3036E-01 1.5309E-01 1.3662E-01 9.9292E-02 6.3153E-02 4.2455E-02 3.6826E-02 3.5979E-02 3.5256E-02 3.4340E-02 3.3805E-02 3.3261E-02 3.2489E-02 3.1251E-02 2.9565E-02 2.7692E-02 2.5736E-02 2.3865E-02 2.2168E-02
3.2111E-03 3.3278E-03 3.4446E-03 3.5724E-03 3.7145E-03 3.8739E-03 4.0515E-03 4.2492E-03 4.4661E-03 4.7034E-03 4.9510E-03 5.2118E-03 5.4831E-03 5.7962E-03 6.1633E-03 6.5873E-03 7.0713E-03 7.6209E-03 8.2049E-03 8.8023E-03 9.3781E-03 9.8773E-03 1.0267E-02 1.0643E-02 1.0997E-02 1.1364E-02 1.1804E-02 1.2408E-02 1.3261E-02 1.4507E-02 1.6318E-02 1.9043E-02 2.3021E-02 2.8758E-02 3.7213E-02 4.9789E-02 6.9429E-02 1.0013E-01 1.3975E-01 1.7259E-01 1.5246E-01 9.4857E-02 5.1058E-02 3.6784E-02 3.3244E-02 3.0655E-02 2.8918E-02 2.8643E-02 2.9152E-02 2.9745E-02 2.9879E-02 2.9270E-02 2.7994E-02 2.6288E-02 2.4465E-02 2.2665E-02 2.1012E-02
3.2401E-03 3.3561E-03 3.4682E-03 3.5920E-03 3.7298E-03 3.8885E-03 4.0619E-03 4.2564E-03 4.4681E-03 4.6987E-03 4.9430E-03 5.1963E-03 5.4557E-03 5.7556E-03 6.1011E-03 6.5138E-03 6.9896E-03 7.5295E-03 8.1112E-03 8.6894E-03 9.2352E-03 9.6772E-03 1.0003E-02 1.0292E-02 1.0554E-02 1.0824E-02 1.1152E-02 1.1596E-02 1.2276E-02 1.3314E-02 1.4871E-02 1.7210E-02 2.0577E-02 2.5417E-02 3.2490E-02 4.3115E-02 5.9844E-02 8.7669E-02 1.3572E-01 1.9023E-01 1.8050E-01 7.9581E-02 3.8215E-02 3.1182E-02 2.6054E-02 2.3810E-02 2.3851E-02 2.4848E-02 2.5994E-02 2.6894E-02 2.7193E-02 2.6697E-02 2.5508E-02 2.3948E-02 2.2286E-02 2.0638E-02 1.9076E-02
3.2042E-03 3.3180E-03 3.4262E-03 3.5436E-03 3.6764E-03 3.8272E-03 3.9982E-03 4.1887E-03 4.3988E-03 4.6276E-03 4.8663E-03 5.1107E-03 5.3524E-03 5.6337E-03 5.9660E-03 6.3588E-03 6.8137E-03 7.3286E-03 7.8946E-03 8.4466E-03 8.9615E-03 9.3770E-03 9.6576E-03 9.8939E-03 1.0093E-02 1.0287E-02 1.0510E-02 1.0837E-02 1.1362E-02 1.2200E-02 1.3486E-02 1.5421E-02 1.8222E-02 2.2176E-02 2.7786E-02 3.5813E-02 4.7768E-02 6.6280E-02 9.7449E-02 2.0458E-01 2.8802E-01 5.8309E-02 2.8176E-02 2.0939E-02 2.0323E-02 2.0686E-02 2.1712E-02 2.2759E-02 2.3577E-02 2.3935E-02 2.3750E-02 2.3110E-02 2.2016E-02 2.0680E-02 1.9263E-02 1.7862E-02 1.6554E-02
3.1203E-03 3.2321E-03 3.3361E-03 3.4465E-03 3.5706E-03 3.7167E-03 3.8842E-03 4.0700E-03 4.2710E-03 4.4894E-03 4.7186E-03 4.9531E-03 5.1803E-03 5.4391E-03 5.7468E-03 6.1177E-03 6.5433E-03 7.0221E-03 7.5436E-03 8.0512E-03 8.5322E-03 8.9208E-03 9.1699E-03 9.3685E-03 9.5295E-03 9.6714E-03 9.8356E-03 1.0080E-02 1.0510E-02 1.1212E-02 1.2300E-02 1.3949E-02 1.6325E-02 1.9623E-02 2.4137E-02 3.0306E-02 3.8831E-02 4.9954E-02 6.1819E-02 9.9559E-02 3.9667E-02 2.2003E-02 2.0901E-02 1.8261E-02 1.8859E-02 1.9293E-02 1.9834E-02 2.0304E-02 2.0515E-02 2.0481E-02 2.0031E-02 1.9423E-02 1.8517E-02 1.7465E-02 1.6352E-02 1.5242E-02 1.4197E-02
3.0281E-03 3.1363E-03 3.2349E-03 3.3397E-03 3.4579E-03 3.5983E-03 3.7599E-03 3.9417E-03 4.1361E-03 4.3444E-03 4.5608E-03 4.7802E-03 4.9928E-03 5.2326E-03 5.5155E-03 5.8538E-03 6.2463E-03 6.6946E-03 7.1581E-03 7.6296E-03 8.0615E-03 8.4115E-03 8.6308E-03 8.8085E-03 8.9339E-03 9.0410E-03 9.1617E-03 9.3501E-03 9.7002E-03 1.0284E-02 1.1273E-02 1.2767E-02 1.4899E-02 1.7896E-02 2.2057E-02 2.7853E-02 3.6289E-02 4.9072E-02 6.8985E-02 1.3146E-01 2.2075E-01 5.5644E-02 2.5969E-02 1.7868E-02 1.6576E-02 1.5724E-02 1.5482E-02 1.5818E-02 1.6249E-02 1.6525E-02 1.6383E-02 1.6020E-02 1.5437E-02 1.4657E-02 1.3822E-02 1.2967E-02 1.2162E-02
2.9529E-03 3.0566E-03 3.1525E-03 3.2553E-03 3.3707E-03 3.5055E-03 3.6607E-03 3.8322E-03 4.0175E-03 4.2094E-03 4.4141E-03 4.6195E-03 4.8205E-03 5.0442E-03 5.3072E-03 5.6198E-03 5.9863E-03 6.3912E-03 6.8205E-03 7.2429E-03 7.6467E-03 7.9755E-03 8.1678E-03 8.3132E-03 8.4180E-03 8.5102E-03 8.6227E-03 8.8150E-03 9.1361E-03 9.7188E-03 1.0698E-02 1.2225E-02 1.4402E-02 1.7531E-02 2.1979E-02 2.8330E-02 3.7854E-02 5.3136E-02 7.9150E-02 1.1462E-01 1.1362E-01 5.0177E-02 2.9157E-02 1.9925E-02 1.4693E-02 1.2996E-02 1.3101E-02 1.3824E-02 1.4497E-02 1.4881E-02 1.4805E-02 1.4441E-02 1.3854E-02 1.3078E-02 1.2293E-02 1.1504E-02 1.0768E-02
2.8895E-03 2.9867E-03 3.0806E-03 3.1819E-03 3.2954E-03 3.4263E-03 3.5683E-03 3.7224E-03 3.8959E-03 4.0780E-03 4.2700E-03 4.4670E-03 4.6544E-03 4.8682E-03 5.1117E-03 5.3996E-03 5.7262E-03 6.0991E-03 6.5004E-03 6.9042E-03 7.2841E-03 7.6026E-03 7.8117E-03 7.9659E-03 8.0972E-03 8.2187E-03 8.3719E-03 8.6162E-03 9.0114E-03 9.7049E-03 1.0806E-02 1.2461E-02 1.4807E-02 1.8047E-02 2.2476E-02 2.8689E-02 3.8184E-02 5.3143E-02 7.5564E-02 9.5136E-02 8.2765E-02 4.8820E-02 2.9452E-02 2.1471E-02 1.6483E-02 1.3431E-02 1.1972E-02 1.1807E-02 1.2361E-02 1.3053E-02 1.3435E-02 1.3486E-02 1.3080E-02 1.2446E-02 1.1704E-02 1.0941E-02 1.0224E-02
2.8171E-03 2.9084E-03 2.9948E-03 3.0921E-03 3.2014E-03 3.3247E-03 3.4565E-03 3.6018E-03 3.7578E-03 3.9288E-03 4.1105E-03 4.2923E-03 4.4704E-03 4.6695E-03 4.9064E-03 5.1751E-03 5.4830E-03 5.8443E-03 6.2408E-03 6.6484E-03 7.0533E-03 7.3937E-03 7.6276E-03 7.8270E-03 8.0050E-03 8.1997E-03 8.4486E-03 8.7938E-03 9.3355E-03 1.0147E-02 1.1361E-02 1.3056E-02 1.5301E-02 1.8308E-02 2.2469E-02 2.8478E-02 3.7112E-02 4.9689E-02 6.4672E-02 7.1818E-02 6.2678E-02 4.3071E-02 2.8139E-02 2.0696E-02 1.7363E-02 1.5097E-02 1.3435E-02 1.2396E-02 1.2059E-02 1.2089E-02 1.2057E-02 1.2038E-02 1.1761E-02 1.1346E-02 1.0835E-02 1.0286E-02 9.7362E-03
2.7214E-03 2.8072E-03 2.8897E-03 2.9811E-03 3.0846E-03 3.1977E-03 3.3237E-03 3.4604E-03 3.6095E-03 3.7749E-03 3.9534E-03 4.1309E-03 4.3125E-03 4.5120E-03 4.7548E-03 5.0323E-03 5.3574E-03 5.7363E-03 6.1575E-03 6.5954E-03 7.0327E-03 7.4057E-03 7.6761E-03 7.8912E-03 8.1088E-03 8.3740E-03 8.7091E-03 9.1402E-03 9.7447E-03 1.0589E-02 1.1757E-02 1.3375E-02 1.5519E-02 1.8404E-02 2.2347E-02 2.7662E-02 3.5015E-02 4.4368E-02 5.2330E-02 5.3852E-02 4.7442E-02 3.5725E-02 2.5425E-02 1.9301E-02 1.6822E-02 1.5922E-02 1.5094E-02 1.4092E-02 1.3251E-02 1.2566E-02 1.1846E-02 1.1420E-02 1.0932E-02 1.0408E-02 9.8622E-03 9.3308E-03 8.8797E-03
2.6134E-03 2.6956E-03 2.7749E-03 2.8605E-03 2.9582E-03 3.0685E-03 3.1938E-03 3.3319E-03 3.4864E-03 3.6583E-03 3.8425E-03 4.0408E-03 4.2320E-03 4.4443E-03 4.6972E-03 4.9964E-03 5.3448E-03 5.7436E-03 6.1860E-03 6.6426E-03 7.0865E-03 7.4878E-03 7.7794E-03 8.0101E-03 8.2527E-03 8.5356E-03 8.8589E-03 9.2819E-03 9.8620E-03 1.0698E-02 1.1856E-02 1.3509E-02 1.5692E-02 1.8422E-02 2.1852E-02 2.6398E-02 3.2179E-02 3.8162E-02 4.1701E-02 4.1175E-02 3.6697E-02 2.9324E-02 2.2271E-02 1.7616E-02 1.5764E-02 1.5591E-02 1.5840E-02 1.5714E-02 1.4939E-02 1.3914E-02 1.2696E-02 1.1598E-02 1.0697E-02 9.9850E-03 9.3689E-03 8.7796E-03 8.2590E-03
