inst/extdata/rank(176)_nox_1hr_conc.grd
DSAA
         101         101
     735.634     740.634
    5071.041    5076.041
  0.2680E-01  0.9405E+01
[rows 0 to 24 of 101, columns 0 to 56 of 101]
2.2909E-01 2.3797E-01 2.4305E-01 2.4172E-01 2.4505E-01 2.4658E-01 2.5165E-01 2.5118E-01 2.4986E-01 2.5112E-01 2.5414E-01 2.5291E-01 2.5150E-01 2.4916E-01 2.4795E-01 2.4790E-01 2.4506E-01 2.4411E-01 2.4473E-01 2.4127E-01 2.3386E-01 2.3469E-01 2.3130E-01 2.2444E-01 2.2196E-01 2.1377E-01 2.1286E-01 2.1710E-01 2.0886E-01 1.9789E-01 1.9309E-01 1.8181E-01 1.7406E-01 1.7298E-01 1.6997E-01 1.6302E-01 1.5668E-01 1.6060E-01 1.5539E-01 1.5365E-01 1.4983E-01 1.5118E-01 1.5100E-01 1.4548E-01 1.3962E-01 1.3427E-01 1.3340E-01 1.2995E-01 1.2703E-01 1.2318E-01 1.1807E-01 1.1011E-01 1.0755E-01 1.0565E-01 1.0633E-01 1.0103E-01 1.0139E-01
2.4159E-01 2.4861E-01 2.5431E-01 2.5868E-01 2.5679E-01 2.5817E-01 2.5845E-01 2.6785E-01 2.6406E-01 2.6067E-01 2.6620E-01 2.6710E-01 2.6305E-01 2.6073E-01 2.6352E-01 2.6070E-01 2.5799E-01 2.5679E-01 2.5293E-01 2.5588E-01 2.4924E-01 2.4505E-01 2.4241E-01 2.4193E-01 2.3546E-01 2.2422E-01 2.2036E-01 2.2330E-01 2.2044E-01 2.1238E-01 2.0621E-01 1.9390E-01 1.8703E-01 1.8419E-01 1.7688E-01 1.7342E-01 1.6684E-01 1.7002E-01 1.6449E-01 1.6115E-01 1.5824E-01 1.6011E-01 1.5860E-01 1.5229E-01 1.4929E-01 1.4286E-01 1.3906E-01 1.3693E-01 1.3125E-01 1.2712E-01 1.2401E-01 1.1500E-01 1.1234E-01 1.1230E-01 1.1177E-01 1.0656E-01 1.0674E-01
2.5108E-01 2.5961E-01 2.6741E-01 2.7014E-01 2.7371E-01 2.7556E-01 2.6824E-01 2.7629E-01 2.7915E-01 2.7866E-01 2.7676E-01 2.8160E-01 2.7840E-01 2.7522E-01 2.7273E-01 2.6943E-01 2.7273E-01 2.6958E-01 2.6642E-01 2.6598E-01 2.6424E-01 2.5733E-01 2.5875E-01 2.5303E-01 2.4449E-01 2.4265E-01 2.3346E-01 2.3163E-01 2.3581E-01 2.2937E-01 2.1642E-01 2.0865E-01 1.9418E-01 1.9091E-01 1.8844E-01 1.8306E-01 1.7440E-01 1.7712E-01 1.7007E-01 1.7047E-01 1.6690E-01 1.6513E-01 1.6503E-01 1.5874E-01 1.5387E-01 1.5175E-01 1.4579E-01 1.4377E-01 1.4138E-01 1.3518E-01 1.2857E-01 1.2159E-01 1.1706E-01 1.1739E-01 1.1708E-01 1.1269E-01 1.1035E-01
2.6631E-01 2.6870E-01 2.8100E-01 2.8175E-01 2.8375E-01 2.8486E-01 2.9112E-01 2.8201E-01 2.8538E-01 2.8881E-01 2.8844E-01 2.9394E-01 2.8760E-01 2.8645E-01 2.8349E-01 2.8047E-01 2.8316E-01 2.8271E-01 2.7851E-01 2.7823E-01 2.7850E-01 2.6979E-01 2.6979E-01 2.6398E-01 2.6135E-01 2.5482E-01 2.4748E-01 2.3885E-01 2.4269E-01 2.4021E-01 2.3053E-01 2.2186E-01 2.0610E-01 2.0136E-01 1.9543E-01 1.9223E-01 1.8838E-01 1.8200E-01 1.8045E-01 1.7902E-01 1.7629E-01 1.7440E-01 1.7342E-01 1.6704E-01 1.5673E-01 1.5590E-01 1.4945E-01 1.5180E-01 1.4726E-01 1.4227E-01 1.3478E-01 1.2724E-01 1.2290E-01 1.2457E-01 1.2294E-01 1.1739E-01 1.1543E-01
2.7800E-01 2.8206E-01 2.8712E-01 2.9549E-01 2.9399E-01 2.9513E-01 2.9751E-01 3.0219E-01 2.9557E-01 2.9725E-01 2.9821E-01 3.0012E-01 3.0149E-01 2.9804E-01 3.0048E-01 2.9323E-01 2.9063E-01 2.9579E-01 2.9200E-01 2.9171E-01 2.8603E-01 2.8366E-01 2.7750E-01 2.8069E-01 2.7479E-01 2.6538E-01 2.6039E-01 2.5240E-01 2.4646E-01 2.5330E-01 2.4701E-01 2.3157E-01 2.2179E-01 2.1123E-01 2.0669E-01 2.0127E-01 1.9705E-01 1.9186E-01 1.8868E-01 1.9009E-01 1.8513E-01 1.8046E-01 1.8172E-01 1.7360E-01 1.6233E-01 1.6132E-01 1.5548E-01 1.5728E-01 1.5099E-01 1.5043E-01 1.4386E-01 1.3362E-01 1.2909E-01 1.3086E-01 1.2776E-01 1.2228E-01 1.2215E-01
2.8638E-01 2.9595E-01 3.0319E-01 3.0722E-01 3.1252E-01 3.0850E-01 3.0554E-01 3.0909E-01 3.1058E-01 3.0725E-01 3.1010E-01 3.1248E-01 3.1259E-01 3.1327E-01 3.0734E-01 3.0856E-01 3.0294E-01 3.0289E-01 3.0569E-01 3.0213E-01 3.0265E-01 2.9701E-01 2.8829E-01 2.8820E-01 2.8510E-01 2.7714E-01 2.7401E-01 2.6913E-01 2.5716E-01 2.6615E-01 2.6264E-01 2.4438E-01 2.3863E-01 2.2126E-01 2.1728E-01 2.1177E-01 2.0737E-01 1.9765E-01 1.9876E-01 1.9129E-01 1.9363E-01 1.8932E-01 1.8852E-01 1.8514E-01 1.7170E-01 1.6710E-01 1.6357E-01 1.6182E-01 1.6004E-01 1.5584E-01 1.5276E-01 1.4058E-01 1.3513E-01 1.3634E-01 1.3433E-01 1.2802E-01 1.2698E-01
2.9609E-01 3.0475E-01 3.1494E-01 3.1887E-01 3.2001E-01 3.2170E-01 3.2219E-01 3.1660E-01 3.2081E-01 3.1891E-01 3.1484E-01 3.1904E-01 3.1966E-01 3.2240E-01 3.1991E-01 3.1721E-01 3.1596E-01 3.1389E-01 3.1539E-01 3.1313E-01 3.1164E-01 3.1063E-01 3.0648E-01 3.0214E-01 2.9959E-01 2.9071E-01 2.8621E-01 2.8407E-01 2.7196E-01 2.6403E-01 2.7688E-01 2.6040E-01 2.5135E-01 2.3745E-01 2.2692E-01 2.2052E-01 2.1918E-01 2.1281E-01 2.0308E-01 2.0047E-01 2.0133E-01 1.9352E-01 1.9715E-01 1.9378E-01 1.8293E-01 1.7559E-01 1.6998E-01 1.6951E-01 1.6978E-01 1.6539E-01 1.6084E-01 1.4786E-01 1.4205E-01 1.4581E-01 1.3912E-01 1.3420E-01 1.3302E-01
3.0429E-01 3.1390E-01 3.1915E-01 3.3246E-01 3.3517E-01 3.3441E-01 3.3253E-01 3.3122E-01 3.2831E-01 3.3077E-01 3.3050E-01 3.2538E-01 3.2771E-01 3.3152E-01 3.3312E-01 3.3018E-01 3.3149E-01 3.2614E-01 3.2511E-01 3.2582E-01 3.2368E-01 3.2273E-01 3.1610E-01 3.1650E-01 3.0959E-01 3.0912E-01 3.0065E-01 2.9445E-01 2.8831E-01 2.7961E-01 2.8482E-01 2.7707E-01 2.6314E-01 2.5378E-01 2.3805E-01 2.3028E-01 2.2848E-01 2.2298E-01 2.1406E-01 2.1066E-01 2.1246E-01 2.0340E-01 2.0162E-01 1.9949E-01 1.9380E-01 1.7841E-01 1.8060E-01 1.7616E-01 1.7663E-01 1.7482E-01 1.6812E-01 1.5640E-01 1.4785E-01 1.5235E-01 1.4469E-01 1.4028E-01 1.3690E-01
3.1683E-01 3.2769E-01 3.3166E-01 3.3581E-01 3.4166E-01 3.4807E-01 3.4776E-01 3.4745E-01 3.4267E-01 3.3843E-01 3.4282E-01 3.4495E-01 3.3651E-01 3.3842E-01 3.4389E-01 3.4393E-01 3.4219E-01 3.4243E-01 3.3384E-01 3.3506E-01 3.3455E-01 3.3104E-01 3.3038E-01 3.2970E-01 3.2150E-01 3.2048E-01 3.1266E-01 3.0983E-01 3.0406E-01 2.9331E-01 2.8696E-01 2.9731E-01 2.7978E-01 2.7099E-01 2.5565E-01 2.4493E-01 2.3851E-01 2.3760E-01 2.2667E-01 2.2579E-01 2.1633E-01 2.1157E-01 2.0926E-01 2.1094E-01 2.0390E-01 1.8752E-01 1.8974E-01 1.8236E-01 1.8397E-01 1.7796E-01 1.7336E-01 1.6399E-01 1.5672E-01 1.5720E-01 1.5058E-01 1.4427E-01 1.4170E-01
3.3093E-01 3.3827E-01 3.4292E-01 3.4739E-01 3.5126E-01 3.5444E-01 3.5887E-01 3.6272E-01 3.6065E-01 3.5413E-01 3.5001E-01 3.5766E-01 3.5351E-01 3.4638E-01 3.5323E-01 3.5382E-01 3.5135E-01 3.5383E-01 3.4942E-01 3.4306E-01 3.4440E-01 3.3985E-01 3.3987E-01 3.4382E-01 3.3908E-01 3.3364E-01 3.3091E-01 3.2627E-01 3.1448E-01 3.1395E-01 3.0295E-01 3.0222E-01 2.9823E-01 2.8632E-01 2.7428E-01 2.5733E-01 2.4980E-01 2.5131E-01 2.4495E-01 2.3594E-01 2.2333E-01 2.2206E-01 2.1744E-01 2.2329E-01 2.1504E-01 1.9899E-01 1.9816E-01 1.9367E-01 1.9555E-01 1.8253E-01 1.8067E-01 1.7407E-01 1.6751E-01 1.6606E-01 1.5800E-01 1.5144E-01 1.4731E-01
3.3616E-01 3.4896E-01 3.5225E-01 3.5776E-01 3.5936E-01 3.6402E-01 3.6762E-01 3.7036E-01 3.7682E-01 3.6845E-01 3.6661E-01 3.5573E-01 3.6340E-01 3.6089E-01 3.5799E-01 3.6371E-01 3.6769E-01 3.6586E-01 3.6605E-01 3.6207E-01 3.5492E-01 3.5504E-01 3.4985E-01 3.5315E-01 3.5508E-01 3.4731E-01 3.4516E-01 3.3921E-01 3.3477E-01 3.2475E-01 3.1739E-01 3.0872E-01 3.0878E-01 3.0304E-01 2.9053E-01 2.7507E-01 2.6199E-01 2.5989E-01 2.5331E-01 2.4780E-01 2.3393E-01 2.3210E-01 2.2574E-01 2.3101E-01 2.2320E-01 2.0609E-01 2.0364E-01 2.0615E-01 2.0559E-01 1.8971E-01 1.8802E-01 1.8049E-01 1.7620E-01 1.7442E-01 1.6421E-01 1.5586E-01 1.5021E-01
3.4514E-01 3.5494E-01 3.6309E-01 3.7069E-01 3.6819E-01 3.7390E-01 3.7823E-01 3.7652E-01 3.8172E-01 3.8730E-01 3.7763E-01 3.7479E-01 3.6678E-01 3.7391E-01 3.7126E-01 3.6779E-01 3.7243E-01 3.7794E-01 3.7597E-01 3.7997E-01 3.6704E-01 3.6217E-01 3.6247E-01 3.6259E-01 3.6830E-01 3.5885E-01 3.5584E-01 3.5608E-01 3.5519E-01 3.3844E-01 3.3950E-01 3.2149E-01 3.2016E-01 3.2255E-01 3.0964E-01 2.9291E-01 2.8021E-01 2.7142E-01 2.6677E-01 2.5690E-01 2.4737E-01 2.4383E-01 2.3689E-01 2.4010E-01 2.3558E-01 2.1579E-01 2.1441E-01 2.1476E-01 2.1455E-01 1.9873E-01 1.9520E-01 1.8531E-01 1.8266E-01 1.8311E-01 1.6973E-01 1.6495E-01 1.5697E-01
3.4647E-01 3.5782E-01 3.6974E-01 3.7704E-01 3.8331E-01 3.8412E-01 3.8707E-01 3.8979E-01 3.8934E-01 3.9337E-01 3.9718E-01 3.8768E-01 3.8185E-01 3.7927E-01 3.8545E-01 3.8204E-01 3.8167E-01 3.8566E-01 3.8950E-01 3.8737E-01 3.8802E-01 3.7822E-01 3.7037E-01 3.7002E-01 3.7218E-01 3.7057E-01 3.6372E-01 3.6629E-01 3.6453E-01 3.5885E-01 3.5053E-01 3.4272E-01 3.3451E-01 3.3051E-01 3.2501E-01 3.1115E-01 2.9322E-01 2.8326E-01 2.8307E-01 2.7533E-01 2.6688E-01 2.5402E-01 2.5218E-01 2.4416E-01 2.4703E-01 2.2951E-01 2.2405E-01 2.2389E-01 2.1858E-01 2.0651E-01 2.0801E-01 1.9389E-01 1.9082E-01 1.9309E-01 1.7389E-01 1.7087E-01 1.6260E-01
3.4633E-01 3.6017E-01 3.7528E-01 3.8353E-01 3.9005E-01 3.9399E-01 3.9484E-01 3.9678E-01 4.0098E-01 3.9922E-01 4.0635E-01 4.0392E-01 3.9767E-01 3.9189E-01 3.9402E-01 3.9350E-01 3.9364E-01 3.9623E-01 3.9766E-01 4.0300E-01 3.9784E-01 3.9560E-01 3.8551E-01 3.8073E-01 3.7615E-01 3.7732E-01 3.7894E-01 3.7500E-01 3.7704E-01 3.7664E-01 3.6201E-01 3.6285E-01 3.4839E-01 3.4433E-01 3.4215E-01 3.2832E-01 3.1144E-01 3.0118E-01 2.9364E-01 2.8867E-01 2.8406E-01 2.6925E-01 2.6645E-01 2.5502E-01 2.5898E-01 2.4053E-01 2.3079E-01 2.3052E-01 2.2616E-01 2.1789E-01 2.1256E-01 1.9989E-01 1.9968E-01 2.0171E-01 1.7940E-01 1.7714E-01 1.7058E-01
3.4569E-01 3.5884E-01 3.7034E-01 3.8363E-01 3.9511E-01 3.9956E-01 4.0666E-01 4.0573E-01 4.0610E-01 4.1000E-01 4.0938E-01 4.1548E-01 4.1249E-01 4.0769E-01 4.0191E-01 4.1360E-01 4.0562E-01 4.0444E-01 4.0829E-01 4.1048E-01 4.1725E-01 4.1251E-01 4.0285E-01 3.9378E-01 3.9211E-01 3.8813E-01 3.9110E-01 3.9025E-01 3.9331E-01 3.9151E-01 3.8873E-01 3.7819E-01 3.6978E-01 3.6192E-01 3.5291E-01 3.4752E-01 3.3912E-01 3.1663E-01 3.0690E-01 3.0041E-01 2.9813E-01 2.8586E-01 2.7646E-01 2.6422E-01 2.7166E-01 2.5628E-01 2.4320E-01 2.4507E-01 2.3105E-01 2.2636E-01 2.2030E-01 2.0896E-01 2.0805E-01 2.0631E-01 1.8782E-01 1.8488E-01 1.7655E-01
3.4463E-01 3.5979E-01 3.7408E-01 3.8495E-01 3.9267E-01 4.0210E-01 4.1155E-01 4.1556E-01 4.1767E-01 4.1741E-01 4.2047E-01 4.1603E-01 4.2369E-01 4.2296E-01 4.1505E-01 4.1104E-01 4.2400E-01 4.2075E-01 4.1621E-01 4.2347E-01 4.2777E-01 4.2625E-01 4.2492E-01 4.1055E-01 4.0296E-01 3.9841E-01 3.9929E-01 4.0428E-01 3.9899E-01 4.1121E-01 4.1115E-01 3.9361E-01 3.8963E-01 3.7952E-01 3.6518E-01 3.6365E-01 3.5093E-01 3.3808E-01 3.2933E-01 3.2120E-01 3.1014E-01 2.9932E-01 2.9132E-01 2.8317E-01 2.7935E-01 2.6683E-01 2.5690E-01 2.5503E-01 2.3930E-01 2.4031E-01 2.3074E-01 2.1915E-01 2.1810E-01 2.1802E-01 1.9610E-01 1.9081E-01 1.8301E-01
3.4948E-01 3.6025E-01 3.7311E-01 3.8033E-01 3.9560E-01 4.0369E-01 4.1120E-01 4.2111E-01 4.2550E-01 4.2859E-01 4.3016E-01 4.2840E-01 4.2975E-01 4.3499E-01 4.3987E-01 4.2700E-01 4.2864E-01 4.3565E-01 4.3373E-01 4.2992E-01 4.3652E-01 4.4142E-01 4.3828E-01 4.3419E-01 4.2371E-01 4.0934E-01 4.1822E-01 4.1584E-01 4.2238E-01 4.2299E-01 4.2061E-01 4.1472E-01 4.0568E-01 3.9688E-01 3.8609E-01 3.8013E-01 3.6441E-01 3.6195E-01 3.4406E-01 3.2996E-01 3.2237E-01 3.1952E-01 3.0818E-01 2.9638E-01 2.9115E-01 2.9249E-01 2.7423E-01 2.6114E-01 2.5927E-01 2.4988E-01 2.3474E-01 2.2846E-01 2.2712E-01 2.2259E-01 2.0296E-01 1.9787E-01 1.9143E-01
3.5207E-01 3.6212E-01 3.7873E-01 3.8568E-01 3.9252E-01 4.0608E-01 4.1479E-01 4.2405E-01 4.3187E-01 4.3784E-01 4.4176E-01 4.4408E-01 4.4224E-01 4.4582E-01 4.5123E-01 4.5025E-01 4.4088E-01 4.4568E-01 4.4966E-01 4.4787E-01 4.4467E-01 4.4266E-01 4.5211E-01 4.4837E-01 4.4519E-01 4.3414E-01 4.2607E-01 4.3740E-01 4.3277E-01 4.3129E-01 4.4205E-01 4.3342E-01 4.1808E-01 4.2563E-01 4.0516E-01 3.8943E-01 3.9105E-01 3.7847E-01 3.6297E-01 3.4509E-01 3.3541E-01 3.3477E-01 3.2766E-01 3.1182E-01 3.0160E-01 3.0587E-01 2.8702E-01 2.7233E-01 2.7017E-01 2.5616E-01 2.4717E-01 2.4047E-01 2.3751E-01 2.2941E-01 2.1015E-01 2.0628E-01 1.9676E-01
3.5347E-01 3.6618E-01 3.7586E-01 3.8740E-01 4.0081E-01 4.0379E-01 4.1353E-01 4.2543E-01 4.3535E-01 4.4527E-01 4.4949E-01 4.5356E-01 4.5704E-01 4.5644E-01 4.5926E-01 4.6217E-01 4.6448E-01 4.5784E-01 4.5858E-01 4.5693E-01 4.5852E-01 4.5503E-01 4.5597E-01 4.6360E-01 4.6261E-01 4.5998E-01 4.5028E-01 4.4507E-01 4.5559E-01 4.5397E-01 4.5078E-01 4.4939E-01 4.4442E-01 4.4022E-01 4.2765E-01 4.1404E-01 4.0990E-01 3.9475E-01 3.8666E-01 3.6552E-01 3.5884E-01 3.5085E-01 3.4503E-01 3.3384E-01 3.1877E-01 3.2276E-01 3.1182E-01 2.9078E-01 2.7904E-01 2.6948E-01 2.5637E-01 2.4918E-01 2.4748E-01 2.3990E-01 2.2154E-01 2.1318E-01 2.0372E-01
3.5308E-01 3.6672E-01 3.8490E-01 3.9118E-01 3.9722E-01 4.1154E-01 4.1913E-01 4.2275E-01 4.3552E-01 4.4339E-01 4.5486E-01 4.6140E-01 4.6787E-01 4.7441E-01 4.7193E-01 4.7604E-01 4.7595E-01 4.7883E-01 4.7424E-01 4.7116E-01 4.6507E-01 4.6880E-01 4.6474E-01 4.7234E-01 4.7798E-01 4.7605E-01 4.7669E-01 4.6335E-01 4.6513E-01 4.7114E-01 4.6353E-01 4.6186E-01 4.6286E-01 4.5750E-01 4.4319E-01 4.3694E-01 4.2274E-01 4.2086E-01 4.1010E-01 3.9340E-01 3.8090E-01 3.6404E-01 3.6261E-01 3.5831E-01 3.3742E-01 3.2860E-01 3.2903E-01 3.0429E-01 2.9116E-01 2.8000E-01 2.6590E-01 2.6168E-01 2.5801E-01 2.4604E-01 2.3171E-01 2.2470E-01 2.1258E-01
3.5380E-01 3.6358E-01 3.8028E-01 3.9634E-01 4.0450E-01 4.0988E-01 4.2111E-01 4.3316E-01 4.3493E-01 4.4316E-01 4.5444E-01 4.6814E-01 4.7680E-01 4.8203E-01 4.8319E-01 4.8347E-01 4.9136E-01 4.8574E-01 4.9328E-01 4.8577E-01 4.8222E-01 4.7668E-01 4.7959E-01 4.7937E-01 4.8985E-01 4.9497E-01 4.8814E-01 4.8912E-01 4.7648E-01 4.8743E-01 4.8794E-01 4.9028E-01 4.7993E-01 4.7487E-01 4.7610E-01 4.5810E-01 4.5027E-01 4.3951E-01 4.2489E-01 4.2494E-01 3.9879E-01 3.9100E-01 3.7413E-01 3.6643E-01 3.6067E-01 3.3795E-01 3.4524E-01 3.1922E-01 3.0276E-01 2.8585E-01 2.7491E-01 2.7468E-01 2.6382E-01 2.5234E-01 2.4587E-01 2.3775E-01 2.2469E-01
3.4611E-01 3.6082E-01 3.7611E-01 3.9004E-01 4.0333E-01 4.1773E-01 4.2438E-01 4.2991E-01 4.4132E-01 4.4848E-01 4.5659E-01 4.6632E-01 4.8076E-01 4.8769E-01 4.9383E-01 4.9951E-01 4.9887E-01 5.0430E-01 5.0208E-01 5.1281E-01 5.0489E-01 4.9765E-01 4.9301E-01 4.9813E-01 5.0116E-01 5.1441E-01 5.1295E-01 5.0724E-01 4.9996E-01 4.9743E-01 5.0510E-01 4.9838E-01 5.0392E-01 4.9810E-01 4.9195E-01 4.8211E-01 4.7201E-01 4.6183E-01 4.5417E-01 4.4511E-01 4.2945E-01 4.1496E-01 3.9232E-01 3.8861E-01 3.7942E-01 3.6156E-01 3.6011E-01 3.3649E-01 3.1963E-01 2.9461E-01 2.9185E-01 2.8043E-01 2.8044E-01 2.6967E-01 2.6032E-01 2.5125E-01 2.3352E-01
3.3803E-01 3.5625E-01 3.7180E-01 3.8720E-01 4.0129E-01 4.1291E-01 4.2699E-01 4.3750E-01 4.4382E-01 4.5568E-01 4.6490E-01 4.7090E-01 4.7642E-01 4.9095E-01 4.9715E-01 5.0846E-01 5.1253E-01 5.1282E-01 5.2036E-01 5.1972E-01 5.2888E-01 5.2497E-01 5.1508E-01 5.1436E-01 5.1989E-01 5.2584E-01 5.3246E-01 5.2991E-01 5.2859E-01 5.2221E-01 5.1830E-01 5.2450E-01 5.2262E-01 5.2100E-01 5.1374E-01 5.1826E-01 4.9636E-01 4.9771E-01 4.7806E-01 4.6776E-01 4.5803E-01 4.3723E-01 4.1322E-01 4.0488E-01 4.0634E-01 3.7830E-01 3.7028E-01 3.5039E-01 3.3968E-01 3.1079E-01 3.0560E-01 2.8916E-01 2.9718E-01 2.8529E-01 2.7400E-01 2.6895E-01 2.4612E-01
3.3351E-01 3.5231E-01 3.6592E-01 3.7957E-01 3.9445E-01 4.1104E-01 4.2122E-01 4.3448E-01 4.4941E-01 4.5786E-01 4.6563E-01 4.7476E-01 4.8587E-01 4.9054E-01 5.0344E-01 5.1137E-01 5.2497E-01 5.2302E-01 5.2714E-01 5.3341E-01 5.3892E-01 5.4957E-01 5.4814E-01 5.3855E-01 5.3518E-01 5.4058E-01 5.4437E-01 5.5384E-01 5.4367E-01 5.4218E-01 5.4653E-01 5.4434E-01 5.3962E-01 5.4594E-01 5.3344E-01 5.4105E-01 5.3333E-01 5.1581E-01 5.0223E-01 4.8947E-01 4.9258E-01 4.5673E-01 4.4088E-01 4.2704E-01 4.2180E-01 4.1462E-01 3.8989E-01 3.6824E-01 3.5861E-01 3.2491E-01 3.1689E-01 3.0250E-01 3.1440E-01 2.9887E-01 2.8991E-01 2.7842E-01 2.6010E-01
3.3038E-01 3.4758E-01 3.6210E-01 3.7741E-01 3.8989E-01 4.0234E-01 4.1953E-01 4.3419E-01 4.4154E-01 4.5778E-01 4.6937E-01 4.7732E-01 4.8871E-01 5.0041E-01 5.1269E-01 5.1755E-01 5.2409E-01 5.4019E-01 5.4329E-01 5.4236E-01 5.5138E-01 5.5911E-01 5.7300E-01 5.7091E-01 5.6141E-01 5.6011E-01 5.6218E-01 5.6225E-01 5.6585E-01 5.6277E-01 5.6715E-01 5.6923E-01 5.6816E-01 5.6272E-01 5.6495E-01 5.5785E-01 5.7428E-01 5.5646E-01 5.4210E-01 5.1909E-01 5.1896E-01 5.0028E-01 4.6373E-01 4.5387E-01 4.4332E-01 4.4412E-01 4.0698E-01 3.9447E-01 3.7389E-01 3.4417E-01 3.2888E-01 3.2232E-01 3.3246E-01 3.1841E-01 3.0536E-01 2.9198E-01 2.7109E-01
