inst/extdata/rank(1)_nox_1hr_conc.grd
DSAA
         101         101
     735.634     740.634
    5071.041    5076.041
  0.3313E+00  0.2722E+02
[rows 75 to 99 of 101, columns 0 to 56 of 101]
1.1258E+00 1.1730E+00 1.2031E+00 1.2143E+00 1.2135E+00 1.2001E+00 1.1737E+00 1.2299E+00 1.2783E+00 1.3181E+00 1.4074E+00 1.5380E+00 1.6781E+00 1.8341E+00 2.0030E+00 2.1639E+00 2.1898E+00 2.1883E+00 2.1389E+00 2.0508E+00 1.9051E+00 1.7633E+00 1.7424E+00 1.8727E+00 1.9568E+00 1.9907E+00 2.0624E+00 2.0735E+00 2.0177E+00 1.9022E+00 2.0074E+00 2.0975E+00 2.0986E+00 2.0023E+00 1.8190E+00 1.5695E+00 1.3959E+00 1.4773E+00 1.4695E+00 1.3610E+00 1.6306E+00 2.0317E+00 2.3184E+00 2.4047E+00 2.5103E+00 2.8122E+00 3.0939E+00 3.3286E+00 3.4916E+00 3.5623E+00 3.5270E+00 3.3836E+00 3.1417E+00 2.8222E+00 2.4515E+00 2.2017E+00 2.2982E+00
1.0471E+00 1.0799E+00 1.0957E+00 1.0927E+00 1.1005E+00 1.1646E+00 1.2518E+00 1.3586E+00 1.4732E+00 1.5961E+00 1.7376E+00 1.8492E+00 1.9582E+00 2.0639E+00 2.1691E+00 2.2614E+00 2.2177E+00 2.1329E+00 2.0186E+00 1.8653E+00 1.6641E+00 1.7995E+00 1.9214E+00 2.0087E+00 2.0510E+00 2.0311E+00 2.0243E+00 1.9530E+00 1.8210E+00 1.9554E+00 2.0498E+00 2.0609E+00 1.9833E+00 1.8185E+00 1.5823E+00 1.3438E+00 1.3616E+00 1.3875E+00 1.3214E+00 1.4024E+00 1.8083E+00 2.1547E+00 2.3582E+00 2.3536E+00 2.4940E+00 2.7628E+00 3.0025E+00 3.1955E+00 3.3215E+00 3.3645E+00 3.3150E+00 3.1724E+00 2.9465E+00 2.6542E+00 2.3184E+00 2.0257E+00 2.1137E+00
9.4203E-01 1.0168E+00 1.1221E+00 1.2256E+00 1.3327E+00 1.4433E+00 1.5524E+00 1.6606E+00 1.7711E+00 1.8837E+00 1.9967E+00 2.0742E+00 2.1265E+00 2.1612E+00 2.1805E+00 2.1771E+00 2.0669E+00 1.9201E+00 1.7687E+00 1.7072E+00 1.8155E+00 1.9325E+00 2.0129E+00 2.0508E+00 2.0350E+00 1.9687E+00 1.8878E+00 1.7631E+00 1.9015E+00 1.9861E+00 2.0147E+00 1.9497E+00 1.8065E+00 1.5944E+00 1.3862E+00 1.2421E+00 1.2927E+00 1.2649E+00 1.1984E+00 1.5837E+00 1.9532E+00 2.2299E+00 2.3451E+00 2.2571E+00 2.4450E+00 2.6771E+00 2.8799E+00 3.0367E+00 3.1315E+00 3.1518E+00 3.1093E+00 2.9683E+00 2.7558E+00 2.4869E+00 2.1828E+00 1.8702E+00 1.9627E+00
1.1269E+00 1.2472E+00 1.3657E+00 1.4849E+00 1.6000E+00 1.7155E+00 1.8117E+00 1.9099E+00 1.9992E+00 2.0837E+00 2.1602E+00 2.1738E+00 2.1528E+00 2.1040E+00 2.0265E+00 1.9281E+00 1.8137E+00 1.7496E+00 1.7447E+00 1.8390E+00 1.8976E+00 1.9730E+00 2.0076E+00 1.9922E+00 1.9299E+00 1.8192E+00 1.7320E+00 1.8675E+00 1.9479E+00 1.9600E+00 1.9028E+00 1.7836E+00 1.5919E+00 1.4282E+00 1.2506E+00 1.2008E+00 1.1942E+00 1.1304E+00 1.3804E+00 1.7496E+00 2.0692E+00 2.2676E+00 2.2952E+00 2.1856E+00 2.4021E+00 2.6014E+00 2.7703E+00 2.8938E+00 2.9605E+00 2.9609E+00 2.8907E+00 2.7513E+00 2.5520E+00 2.3055E+00 2.0287E+00 1.8324E+00 1.8319E+00
1.3180E+00 1.4520E+00 1.5800E+00 1.7039E+00 1.8154E+00 1.9238E+00 1.9984E+00 2.0678E+00 2.1212E+00 2.1635E+00 2.1904E+00 2.1262E+00 2.0362E+00 1.9091E+00 1.8396E+00 1.7666E+00 1.6884E+00 1.7626E+00 1.8373E+00 1.8840E+00 1.8910E+00 1.9208E+00 1.9094E+00 1.8511E+00 1.7440E+00 1.6989E+00 1.8256E+00 1.9055E+00 1.9244E+00 1.8733E+00 1.7530E+00 1.5735E+00 1.4508E+00 1.2926E+00 1.1511E+00 1.1444E+00 1.0903E+00 1.1929E+00 1.5516E+00 1.8937E+00 2.1564E+00 2.2793E+00 2.2248E+00 2.1608E+00 2.3505E+00 2.5202E+00 2.6580E+00 2.7527E+00 2.7948E+00 2.7788E+00 2.7015E+00 2.5650E+00 2.3773E+00 2.1507E+00 2.0121E+00 1.8329E+00 1.6946E+00
1.4650E+00 1.6042E+00 1.7320E+00 1.8466E+00 1.9492E+00 2.0372E+00 2.0794E+00 2.1060E+00 2.1196E+00 2.1121E+00 2.0857E+00 2.0188E+00 1.9518E+00 1.8604E+00 1.7428E+00 1.6776E+00 1.7609E+00 1.8206E+00 1.8495E+00 1.8408E+00 1.7998E+00 1.7888E+00 1.7372E+00 1.6453E+00 1.6669E+00 1.7890E+00 1.8604E+00 1.8796E+00 1.8380E+00 1.7330E+00 1.5698E+00 1.4730E+00 1.3300E+00 1.1546E+00 1.1186E+00 1.0850E+00 1.0213E+00 1.3557E+00 1.7007E+00 2.0049E+00 2.2092E+00 2.2585E+00 2.1374E+00 2.1276E+00 2.2925E+00 2.4352E+00 2.5459E+00 2.6167E+00 2.6415E+00 2.6120E+00 2.5293E+00 2.3963E+00 2.2200E+00 2.0793E+00 1.9882E+00 1.8253E+00 1.6351E+00
1.5419E+00 1.6716E+00 1.7837E+00 1.8763E+00 1.9512E+00 2.0047E+00 1.9949E+00 1.9647E+00 1.9520E+00 1.9918E+00 2.0078E+00 1.9365E+00 1.8480E+00 1.7337E+00 1.7251E+00 1.7753E+00 1.8302E+00 1.8535E+00 1.8446E+00 1.7992E+00 1.7154E+00 1.6578E+00 1.5570E+00 1.6357E+00 1.7491E+00 1.8192E+00 1.8334E+00 1.7946E+00 1.7011E+00 1.5677E+00 1.5011E+00 1.3820E+00 1.2202E+00 1.0508E+00 1.0485E+00 9.9298E-01 1.2031E+00 1.5418E+00 1.8683E+00 2.1303E+00 2.2749E+00 2.2704E+00 2.1029E+00 2.0867E+00 2.2286E+00 2.3479E+00 2.4360E+00 2.4859E+00 2.4929E+00 2.4539E+00 2.3683E+00 2.2385E+00 2.1704E+00 2.1627E+00 2.0724E+00 1.9095E+00 1.7167E+00
1.5446E+00 1.6563E+00 1.7450E+00 1.8097E+00 1.8505E+00 1.9245E+00 1.9527E+00 1.9615E+00 1.9542E+00 1.9249E+00 1.8778E+00 1.7858E+00 1.6874E+00 1.7505E+00 1.7906E+00 1.8016E+00 1.8247E+00 1.8126E+00 1.7670E+00 1.6885E+00 1.5774E+00 1.4722E+00 1.6000E+00 1.7084E+00 1.7775E+00 1.7973E+00 1.7580E+00 1.6683E+00 1.5450E+00 1.5028E+00 1.4116E+00 1.2726E+00 1.1008E+00 9.8868E-01 9.6109E-01 1.0637E+00 1.3882E+00 1.7210E+00 2.0169E+00 2.2266E+00 2.3062E+00 2.2479E+00 2.0391E+00 2.0307E+00 2.1624E+00 2.2610E+00 2.3304E+00 2.3646E+00 2.3592E+00 2.3121E+00 2.2236E+00 2.1660E+00 2.2389E+00 2.2300E+00 2.1396E+00 1.9746E+00 1.7780E+00
1.4724E+00 1.5632E+00 1.6889E+00 1.8074E+00 1.9172E+00 2.0192E+00 2.0007E+00 1.9532E+00 1.8814E+00 1.7927E+00 1.6863E+00 1.6943E+00 1.7513E+00 1.7809E+00 1.7858E+00 1.7620E+00 1.7457E+00 1.7066E+00 1.6300E+00 1.5258E+00 1.4421E+00 1.5663E+00 1.6658E+00 1.7309E+00 1.7525E+00 1.7245E+00 1.6424E+00 1.5293E+00 1.4959E+00 1.4141E+00 1.2947E+00 1.1530E+00 9.7890E-01 9.1724E-01 9.2769E-01 1.2383E+00 1.5683E+00 1.8851E+00 2.1428E+00 2.2997E+00 2.3129E+00 2.2031E+00 1.9941E+00 2.0446E+00 2.0845E+00 2.1676E+00 2.2220E+00 2.2429E+00 2.2273E+00 2.1742E+00 2.0917E+00 2.2111E+00 2.2747E+00 2.2589E+00 2.1649E+00 2.1285E+00 1.8932E+00
1.5476E+00 1.6760E+00 1.7898E+00 1.8912E+00 1.9783E+00 2.0493E+00 1.9809E+00 1.8782E+00 1.7510E+00 1.6465E+00 1.6766E+00 1.7187E+00 1.7444E+00 1.7441E+00 1.7148E+00 1.6595E+00 1.6161E+00 1.5439E+00 1.4513E+00 1.4319E+00 1.5408E+00 1.6300E+00 1.6869E+00 1.7056E+00 1.6808E+00 1.6099E+00 1.5079E+00 1.4883E+00 1.4224E+00 1.3139E+00 1.1707E+00 1.0220E+00 9.0258E-01 8.7607E-01 1.0855E+00 1.4108E+00 1.7359E+00 2.0291E+00 2.2444E+00 2.3407E+00 2.2938E+00 2.1451E+00 2.1742E+00 2.1778E+00 2.0162E+00 2.0834E+00 2.1231E+00 2.1322E+00 2.1082E+00 2.0503E+00 2.1018E+00 2.2327E+00 2.2945E+00 2.2798E+00 2.4221E+00 2.4970E+00 2.2872E+00
1.6231E+00 1.7362E+00 1.8360E+00 1.9152E+00 1.9756E+00 2.0158E+00 1.8944E+00 1.7471E+00 1.6877E+00 1.6906E+00 1.6688E+00 1.6821E+00 1.6724E+00 1.6453E+00 1.5892E+00 1.5086E+00 1.4444E+00 1.3561E+00 1.4001E+00 1.5127E+00 1.6002E+00 1.6525E+00 1.6656E+00 1.6389E+00 1.5720E+00 1.4738E+00 1.4730E+00 1.4233E+00 1.3314E+00 1.2037E+00 1.0500E+00 8.9674E-01 8.4690E-01 9.5372E-01 1.2458E+00 1.5774E+00 1.8869E+00 2.1462E+00 2.3132E+00 2.3544E+00 2.2557E+00 2.1794E+00 2.2995E+00 2.2687E+00 2.0585E+00 2.0030E+00 2.0311E+00 2.0304E+00 1.9993E+00 1.9612E+00 2.1368E+00 2.2599E+00 2.3149E+00 2.3722E+00 2.7117E+00 2.8904E+00 3.1122E+00
1.6192E+00 1.7002E+00 1.7607E+00 1.8000E+00 1.8143E+00 1.8062E+00 1.6868E+00 1.7121E+00 1.7171E+00 1.6998E+00 1.6524E+00 1.6390E+00 1.6036E+00 1.5450E+00 1.4712E+00 1.3715E+00 1.2816E+00 1.3731E+00 1.4774E+00 1.5599E+00 1.6128E+00 1.6312E+00 1.6088E+00 1.5458E+00 1.4614E+00 1.4669E+00 1.4380E+00 1.3658E+00 1.2539E+00 1.1132E+00 9.5277E-01 8.1934E-01 9.1795E-01 1.1012E+00 1.4174E+00 1.7483E+00 2.0429E+00 2.2717E+00 2.3968E+00 2.3919E+00 2.2512E+00 2.4069E+00 2.4506E+00 2.3525E+00 2.0772E+00 1.9256E+00 1.9436E+00 1.9348E+00 1.8986E+00 1.9892E+00 2.1530E+00 2.2630E+00 2.3994E+00 2.9535E+00 3.3957E+00 3.6409E+00 3.7653E+00
1.5681E+00 1.6158E+00 1.6394E+00 1.6399E+00 1.6273E+00 1.6943E+00 1.7149E+00 1.7148E+00 1.6918E+00 1.6499E+00 1.5843E+00 1.5464E+00 1.4890E+00 1.4117E+00 1.3164E+00 1.2385E+00 1.3502E+00 1.4469E+00 1.5212E+00 1.5692E+00 1.5856E+00 1.5704E+00 1.5170E+00 1.4435E+00 1.4626E+00 1.4428E+00 1.3797E+00 1.2806E+00 1.1624E+00 1.0128E+00 8.5301E-01 8.8099E-01 9.7843E-01 1.2617E+00 1.5844E+00 1.9043E+00 2.1790E+00 2.3764E+00 2.4549E+00 2.4022E+00 2.4960E+00 2.6259E+00 2.5908E+00 2.3895E+00 2.0533E+00 1.8507E+00 1.8603E+00 1.8453E+00 1.8050E+00 1.9866E+00 2.1358E+00 2.2320E+00 2.9058E+00 3.5675E+00 4.0903E+00 4.0523E+00 3.7438E+00
1.4761E+00 1.4926E+00 1.5419E+00 1.6089E+00 1.6522E+00 1.6875E+00 1.6858E+00 1.6617E+00 1.6172E+00 1.5515E+00 1.4712E+00 1.4154E+00 1.3413E+00 1.2516E+00 1.2304E+00 1.3280E+00 1.4190E+00 1.4877E+00 1.5311E+00 1.5433E+00 1.5237E+00 1.4778E+00 1.4112E+00 1.4452E+00 1.4405E+00 1.3978E+00 1.3118E+00 1.1949E+00 1.0552E+00 9.1213E-01 8.4646E-01 9.3425E-01 1.1112E+00 1.4193E+00 1.7417E+00 2.0470E+00 2.2935E+00 2.4470E+00 2.4811E+00 2.4992E+00 2.7393E+00 2.7923E+00 2.6761E+00 2.4036E+00 2.0180E+00 1.7744E+00 1.7778E+00 1.7581E+00 1.8032E+00 1.9824E+00 2.1032E+00 2.6615E+00 3.4640E+00 3.8368E+00 4.0114E+00 3.9514E+00 3.6670E+00
1.4408E+00 1.5329E+00 1.5974E+00 1.6230E+00 1.6296E+00 1.6194E+00 1.6030E+00 1.5605E+00 1.4988E+00 1.4201E+00 1.3249E+00 1.2587E+00 1.1746E+00 1.2123E+00 1.3085E+00 1.3898E+00 1.4562E+00 1.4964E+00 1.5066E+00 1.4866E+00 1.4344E+00 1.3666E+00 1.4148E+00 1.4228E+00 1.3984E+00 1.3357E+00 1.2315E+00 1.1023E+00 9.5684E-01 8.1406E-01 8.9381E-01 9.7579E-01 1.2585E+00 1.5712E+00 1.8848E+00 2.1666E+00 2.3823E+00 2.4967E+00 2.4995E+00 2.7640E+00 2.8947E+00 2.8549E+00 2.7057E+00 2.3722E+00 1.9498E+00 1.7057E+00 1.7037E+00 1.6807E+00 1.7957E+00 2.0907E+00 2.3341E+00 2.9530E+00 3.4534E+00 3.8207E+00 3.9941E+00 3.9409E+00 3.6754E+00
1.4945E+00 1.5722E+00 1.5962E+00 1.5881E+00 1.5591E+00 1.5103E+00 1.4733E+00 1.4220E+00 1.3492E+00 1.2629E+00 1.1650E+00 1.0880E+00 1.1829E+00 1.2795E+00 1.3611E+00 1.4224E+00 1.4606E+00 1.4720E+00 1.4529E+00 1.4027E+00 1.3252E+00 1.3675E+00 1.3896E+00 1.3837E+00 1.3370E+00 1.2614E+00 1.1431E+00 1.0065E+00 8.6010E-01 8.5295E-01 9.3000E-01 1.1066E+00 1.4031E+00 1.7157E+00 2.0132E+00 2.2646E+00 2.4438E+00 2.5160E+00 2.7511E+00 2.9700E+00 3.0439E+00 2.9272E+00 2.6579E+00 2.2681E+00 1.8550E+00 1.6417E+00 1.6304E+00 1.5985E+00 1.9127E+00 2.2542E+00 2.3708E+00 2.9007E+00 3.3797E+00 3.7323E+00 3.8982E+00 3.8554E+00 3.6133E+00
1.5111E+00 1.5351E+00 1.5356E+00 1.5099E+00 1.4633E+00 1.3991E+00 1.3460E+00 1.2831E+00 1.2068E+00 1.1159E+00 1.0630E+00 1.1620E+00 1.2513E+00 1.3262E+00 1.3865E+00 1.4233E+00 1.4350E+00 1.4199E+00 1.3771E+00 1.3064E+00 1.3396E+00 1.3697E+00 1.3686E+00 1.3347E+00 1.2688E+00 1.1790E+00 1.0567E+00 9.1875E-01 8.1273E-01 8.8185E-01 9.7329E-01 1.2525E+00 1.5566E+00 1.8629E+00 2.1445E+00 2.3731E+00 2.5071E+00 2.6870E+00 2.9383E+00 3.1270E+00 3.1197E+00 2.9500E+00 2.6267E+00 2.1521E+00 1.6666E+00 1.5686E+00 1.5505E+00 1.6663E+00 2.1688E+00 2.5450E+00 2.5456E+00 2.8208E+00 3.2769E+00 3.6087E+00 3.7677E+00 3.7335E+00 3.5136E+00
1.4581E+00 1.4550E+00 1.4319E+00 1.3956E+00 1.3367E+00 1.2620E+00 1.2012E+00 1.1290E+00 1.0507E+00 1.0568E+00 1.1381E+00 1.2235E+00 1.2958E+00 1.3499E+00 1.3824E+00 1.3949E+00 1.3834E+00 1.3444E+00 1.2805E+00 1.3251E+00 1.3431E+00 1.3535E+00 1.3308E+00 1.2771E+00 1.1946E+00 1.0882E+00 9.6392E-01 8.2588E-01 8.3536E-01 8.9882E-01 1.1032E+00 1.3945E+00 1.7013E+00 1.9993E+00 2.2576E+00 2.4441E+00 2.6216E+00 2.9321E+00 3.1460E+00 3.2110E+00 3.1057E+00 2.7955E+00 2.3791E+00 1.9219E+00 1.5347E+00 1.4905E+00 1.7710E+00 2.3827E+00 2.5188E+00 2.5483E+00 2.5143E+00 2.7726E+00 3.2031E+00 3.5148E+00 3.6667E+00 3.6368E+00 3.4378E+00
1.3580E+00 1.3408E+00 1.3043E+00 1.2525E+00 1.1891E+00 1.1104E+00 1.0458E+00 9.7318E-01 1.0374E+00 1.1192E+00 1.1936E+00 1.2624E+00 1.3144E+00 1.3471E+00 1.3560E+00 1.3403E+00 1.3087E+00 1.2510E+00 1.2965E+00 1.3304E+00 1.3319E+00 1.3190E+00 1.2761E+00 1.2086E+00 1.1134E+00 9.9908E-01 8.6970E-01 7.8921E-01 8.4772E-01 9.7109E-01 1.2299E+00 1.5272E+00 1.8312E+00 2.1146E+00 2.3462E+00 2.5304E+00 2.8673E+00 3.1195E+00 3.2512E+00 3.1443E+00 2.9038E+00 2.5499E+00 2.1329E+00 1.7093E+00 1.4482E+00 1.8607E+00 2.1309E+00 2.3399E+00 2.4596E+00 2.4843E+00 2.4406E+00 2.7340E+00 3.1430E+00 3.4421E+00 3.5906E+00 3.5735E+00 3.3927E+00
1.2302E+00 1.2028E+00 1.1584E+00 1.0995E+00 1.0306E+00 9.5394E-01 9.1824E-01 1.0085E+00 1.0920E+00 1.1651E+00 1.2241E+00 1.2774E+00 1.3085E+00 1.3180E+00 1.3055E+00 1.2689E+00 1.2157E+00 1.2570E+00 1.2990E+00 1.3134E+00 1.3001E+00 1.2731E+00 1.2137E+00 1.1294E+00 1.0281E+00 9.0966E-01 7.8254E-01 7.9654E-01 8.4854E-01 1.0815E+00 1.3465E+00 1.6462E+00 1.9418E+00 2.2044E+00 2.4069E+00 2.7538E+00 3.0200E+00 3.1816E+00 3.1306E+00 2.9537E+00 2.6680E+00 2.3055E+00 1.9140E+00 1.5517E+00 1.7138E+00 1.8352E+00 2.0973E+00 2.2888E+00 2.3945E+00 2.4047E+00 2.3519E+00 2.6787E+00 3.0664E+00 3.3497E+00 3.4952E+00 3.4862E+00 3.3276E+00
1.0846E+00 1.0517E+00 1.0041E+00 9.4403E-01 8.7511E-01 8.7450E-01 9.6757E-01 1.0521E+00 1.1270E+00 1.1894E+00 1.2359E+00 1.2655E+00 1.2792E+00 1.2677E+00 1.2341E+00 1.1802E+00 1.2111E+00 1.2590E+00 1.2835E+00 1.2850E+00 1.2575E+00 1.2110E+00 1.1429E+00 1.0488E+00 9.3858E-01 8.2211E-01 7.4551E-01 7.9394E-01 9.3627E-01 1.1841E+00 1.4517E+00 1.7431E+00 2.0196E+00 2.2628E+00 2.6381E+00 2.9550E+00 3.0707E+00 3.0715E+00 2.9347E+00 2.7194E+00 2.4361E+00 2.0752E+00 1.8469E+00 2.0904E+00 1.8820E+00 1.8884E+00 2.0525E+00 2.2285E+00 2.3226E+00 2.3205E+00 2.2567E+00 2.6323E+00 3.0009E+00 3.2718E+00 3.4156E+00 3.4137E+00 3.2629E+00
9.4512E-01 9.1242E-01 8.6566E-01 8.0942E-01 8.5236E-01 9.2859E-01 1.0115E+00 1.0893E+00 1.1513E+00 1.1978E+00 1.2269E+00 1.2377E+00 1.2274E+00 1.2002E+00 1.1495E+00 1.1565E+00 1.2140E+00 1.2502E+00 1.2623E+00 1.2485E+00 1.2114E+00 1.1553E+00 1.0764E+00 9.8264E-01 8.7105E-01 7.5262E-01 7.3731E-01 8.0454E-01 1.0336E+00 1.2912E+00 1.5610E+00 1.8381E+00 2.0891E+00 2.4227E+00 2.7800E+00 2.9329E+00 2.9934E+00 2.9369E+00 2.7745E+00 2.5210E+00 2.1925E+00 1.9703E+00 2.2171E+00 1.9710E+00 1.9814E+00 1.8122E+00 2.0096E+00 2.1701E+00 2.2530E+00 2.2457E+00 2.1690E+00 2.5502E+00 2.8993E+00 3.1604E+00 3.3106E+00 3.3118E+00 3.1751E+00
8.0831E-01 7.7431E-01 7.3139E-01 8.1279E-01 8.9349E-01 9.6641E-01 1.0406E+00 1.1027E+00 1.1547E+00 1.1853E+00 1.1966E+00 1.1897E+00 1.1625E+00 1.1157E+00 1.1125E+00 1.1511E+00 1.1988E+00 1.2270E+00 1.2277E+00 1.2029E+00 1.1532E+00 1.0915E+00 1.0073E+00 9.0739E-01 8.0107E-01 6.8611E-01 7.2037E-01 8.8247E-01 1.1197E+00 1.3778E+00 1.6436E+00 1.9510E+00 2.2948E+00 2.5882E+00 2.7346E+00 2.8330E+00 2.8341E+00 2.7581E+00 2.5633E+00 2.3004E+00 2.0810E+00 2.2620E+00 2.0977E+00 2.0434E+00 1.9055E+00 1.7585E+00 1.9589E+00 2.1038E+00 2.1755E+00 2.1635E+00 2.1300E+00 2.5139E+00 2.8481E+00 3.0942E+00 3.2234E+00 3.2211E+00 3.0905E+00
6.7797E-01 6.6853E-01 7.5412E-01 8.4011E-01 9.1789E-01 9.8594E-01 1.0502E+00 1.1000E+00 1.1331E+00 1.1526E+00 1.1483E+00 1.1250E+00 1.0834E+00 1.0697E+00 1.1111E+00 1.1336E+00 1.1724E+00 1.1875E+00 1.1812E+00 1.1470E+00 1.0896E+00 1.0196E+00 9.3431E-01 8.3403E-01 7.2640E-01 6.6057E-01 7.3663E-01 9.4741E-01 1.1847E+00 1.4653E+00 1.7914E+00 2.1266E+00 2.3826E+00 2.5832E+00 2.7108E+00 2.7504E+00 2.6704E+00 2.5362E+00 2.3230E+00 2.1045E+00 2.2091E+00 2.1360E+00 2.0661E+00 1.9648E+00 1.8310E+00 1.7104E+00 1.8956E+00 2.0267E+00 2.0884E+00 2.0724E+00 2.0927E+00 2.4610E+00 2.7811E+00 3.0174E+00 3.1460E+00 3.1527E+00 3.0386E+00
6.0003E-01 6.8485E-01 7.6867E-01 8.4802E-01 9.2402E-01 9.8655E-01 1.0397E+00 1.0776E+00 1.0972E+00 1.0979E+00 1.0839E+00 1.0477E+00 1.0212E+00 1.0674E+00 1.0960E+00 1.1052E+00 1.1326E+00 1.1395E+00 1.1215E+00 1.0833E+00 1.0201E+00 9.4637E-01 8.5716E-01 7.6047E-01 6.5681E-01 6.3524E-01 7.8299E-01 1.0147E+00 1.2946E+00 1.6045E+00 1.8829E+00 2.1395E+00 2.3568E+00 2.5208E+00 2.6033E+00 2.6008E+00 2.5135E+00 2.3470E+00 2.1140E+00 2.0571E+00 2.0697E+00 2.0462E+00 1.9838E+00 1.8845E+00 1.7565E+00 1.6402E+00 1.8154E+00 1.9332E+00 1.9873E+00 1.9980E+00 2.0343E+00 2.3823E+00 2.6832E+00 2.9050E+00 3.0275E+00 3.0375E+00 2.9342E+00
