inst/extdata/rank(176)_odor_1hr_conc.grd
DSAA
         101         101
     737.625     742.625
    5081.125    5086.125
  0.2757E-01  0.1301E+03
[rows 25 to 49 of 101, columns 0 to 56 of 101]
2.9478E-01 3.1495E-01 3.3605E-01 3.5336E-01 3.7839E-01 3.9496E-01 4.1340E-01 4.3823E-01 4.5895E-01 4.8530E-01 5.1024E-01 5.3401E-01 5.5468E-01 5.7794E-01 5.9997E-01 6.1428E-01 6.3861E-01 6.6961E-01 6.9740E-01 7.2405E-01 7.6260E-01 7.9998E-01 8.2767E-01 8.5926E-01 8.8828E-01 9.0541E-01 9.3326E-01 9.5294E-01 9.7835E-01 1.0057E+00 1.0327E+00 1.0621E+00 1.0870E+00 1.1093E+00 1.1292E+00 1.1591E+00 1.1792E+00 1.2006E+00 1.2105E+00 1.2258E+00 1.2474E+00 1.2800E+00 1.2748E+00 1.2992E+00 1.2862E+00 1.2783E+00 1.2765E+00 1.2352E+00 1.2132E+00 1.2165E+00 1.2301E+00 1.2327E+00 1.2461E+00 1.2778E+00 1.2912E+00 1.3157E+00 1.3203E+00
2.9503E-01 3.1318E-01 3.3364E-01 3.5654E-01 3.7518E-01 3.9590E-01 4.1598E-01 4.3419E-01 4.5642E-01 4.8171E-01 5.0744E-01 5.3135E-01 5.6193E-01 5.8896E-01 6.1440E-01 6.3167E-01 6.5100E-01 6.7717E-01 7.1411E-01 7.4458E-01 7.7200E-01 8.1162E-01 8.4338E-01 8.7276E-01 9.0041E-01 9.2102E-01 9.5681E-01 9.8752E-01 1.0117E+00 1.0435E+00 1.0643E+00 1.1003E+00 1.1319E+00 1.1677E+00 1.1725E+00 1.2011E+00 1.2315E+00 1.2511E+00 1.2681E+00 1.2849E+00 1.3036E+00 1.3299E+00 1.3420E+00 1.3577E+00 1.3526E+00 1.3493E+00 1.3411E+00 1.3007E+00 1.2767E+00 1.2823E+00 1.2890E+00 1.2958E+00 1.3115E+00 1.3378E+00 1.3519E+00 1.3661E+00 1.3774E+00
2.9600E-01 3.1490E-01 3.3473E-01 3.5428E-01 3.7492E-01 3.9535E-01 4.1700E-01 4.3858E-01 4.5755E-01 4.7719E-01 5.0371E-01 5.2952E-01 5.5648E-01 5.8720E-01 6.1723E-01 6.3594E-01 6.6642E-01 6.9441E-01 7.1941E-01 7.5275E-01 7.8888E-01 8.1701E-01 8.5124E-01 8.7974E-01 9.1264E-01 9.4211E-01 9.7309E-01 1.0163E+00 1.0397E+00 1.0755E+00 1.0947E+00 1.1320E+00 1.1720E+00 1.2067E+00 1.2335E+00 1.2550E+00 1.2781E+00 1.2999E+00 1.3286E+00 1.3437E+00 1.3666E+00 1.3953E+00 1.4165E+00 1.4211E+00 1.4203E+00 1.4248E+00 1.4083E+00 1.3751E+00 1.3548E+00 1.3484E+00 1.3586E+00 1.3659E+00 1.3724E+00 1.4023E+00 1.4180E+00 1.4288E+00 1.4354E+00
2.9751E-01 3.1845E-01 3.3718E-01 3.5965E-01 3.8101E-01 4.0087E-01 4.2091E-01 4.3860E-01 4.6154E-01 4.7939E-01 5.0222E-01 5.2487E-01 5.5488E-01 5.8393E-01 6.1486E-01 6.4590E-01 6.7362E-01 7.0180E-01 7.2753E-01 7.5699E-01 7.9197E-01 8.2735E-01 8.6019E-01 8.9307E-01 9.2656E-01 9.5725E-01 9.9809E-01 1.0407E+00 1.0728E+00 1.1031E+00 1.1355E+00 1.1775E+00 1.2142E+00 1.2529E+00 1.2945E+00 1.3069E+00 1.3269E+00 1.3646E+00 1.3853E+00 1.4167E+00 1.4265E+00 1.4609E+00 1.4875E+00 1.4896E+00 1.4951E+00 1.4944E+00 1.4826E+00 1.4579E+00 1.4311E+00 1.4259E+00 1.4248E+00 1.4393E+00 1.4498E+00 1.4646E+00 1.4807E+00 1.5055E+00 1.4935E+00
2.9720E-01 3.1876E-01 3.3751E-01 3.5416E-01 3.7963E-01 4.0365E-01 4.2155E-01 4.4104E-01 4.6704E-01 4.8413E-01 5.0538E-01 5.2325E-01 5.5330E-01 5.7896E-01 6.0766E-01 6.3939E-01 6.7490E-01 7.0239E-01 7.3814E-01 7.7328E-01 7.9736E-01 8.3568E-01 8.7352E-01 9.0867E-01 9.3955E-01 9.8766E-01 1.0211E+00 1.0603E+00 1.1013E+00 1.1388E+00 1.1773E+00 1.2166E+00 1.2566E+00 1.2925E+00 1.3414E+00 1.3772E+00 1.3950E+00 1.4240E+00 1.4410E+00 1.4769E+00 1.4993E+00 1.5280E+00 1.5680E+00 1.5694E+00 1.5762E+00 1.5778E+00 1.5663E+00 1.5428E+00 1.5051E+00 1.5036E+00 1.5048E+00 1.5158E+00 1.5284E+00 1.5424E+00 1.5528E+00 1.5850E+00 1.5644E+00
2.9656E-01 3.1441E-01 3.3766E-01 3.5634E-01 3.7581E-01 3.9525E-01 4.2194E-01 4.4648E-01 4.6423E-01 4.8417E-01 5.1101E-01 5.3332E-01 5.5964E-01 5.8019E-01 6.0935E-01 6.3436E-01 6.6762E-01 7.0840E-01 7.4277E-01 7.8250E-01 8.1789E-01 8.5379E-01 8.8110E-01 9.2328E-01 9.6147E-01 1.0046E+00 1.0391E+00 1.0873E+00 1.1328E+00 1.1867E+00 1.2138E+00 1.2519E+00 1.2911E+00 1.3396E+00 1.3821E+00 1.4330E+00 1.4656E+00 1.4843E+00 1.5191E+00 1.5422E+00 1.5753E+00 1.6078E+00 1.6417E+00 1.6647E+00 1.6565E+00 1.6608E+00 1.6602E+00 1.6395E+00 1.6035E+00 1.5915E+00 1.5843E+00 1.6058E+00 1.6118E+00 1.6226E+00 1.6441E+00 1.6564E+00 1.6434E+00
3.0597E-01 3.2175E-01 3.3917E-01 3.5654E-01 3.7646E-01 3.9659E-01 4.1874E-01 4.3885E-01 4.6554E-01 4.8803E-01 5.1231E-01 5.4028E-01 5.6837E-01 5.8488E-01 6.1194E-01 6.3461E-01 6.6906E-01 7.0591E-01 7.4832E-01 7.8800E-01 8.2363E-01 8.5950E-01 9.0344E-01 9.3090E-01 9.7806E-01 1.0188E+00 1.0595E+00 1.1032E+00 1.1622E+00 1.2085E+00 1.2566E+00 1.2946E+00 1.3375E+00 1.3820E+00 1.4369E+00 1.4866E+00 1.5399E+00 1.5625E+00 1.5953E+00 1.6313E+00 1.6684E+00 1.6961E+00 1.7267E+00 1.7562E+00 1.7621E+00 1.7548E+00 1.7521E+00 1.7350E+00 1.7094E+00 1.6799E+00 1.6835E+00 1.6997E+00 1.7004E+00 1.7154E+00 1.7325E+00 1.7279E+00 1.7039E+00
3.0024E-01 3.1972E-01 3.4268E-01 3.6308E-01 3.8269E-01 4.0207E-01 4.1695E-01 4.3699E-01 4.6346E-01 4.8527E-01 5.1296E-01 5.3956E-01 5.6536E-01 5.9262E-01 6.1850E-01 6.4995E-01 6.7465E-01 7.0415E-01 7.3360E-01 7.8799E-01 8.2608E-01 8.6342E-01 9.1288E-01 9.5232E-01 9.9053E-01 1.0347E+00 1.0796E+00 1.1259E+00 1.1755E+00 1.2351E+00 1.2871E+00 1.3470E+00 1.3880E+00 1.4308E+00 1.4832E+00 1.5464E+00 1.5902E+00 1.6441E+00 1.6760E+00 1.7095E+00 1.7527E+00 1.7769E+00 1.8305E+00 1.8532E+00 1.8737E+00 1.8697E+00 1.8481E+00 1.8478E+00 1.8120E+00 1.7984E+00 1.7961E+00 1.8053E+00 1.8051E+00 1.8083E+00 1.8357E+00 1.8108E+00 1.7729E+00
2.9918E-01 3.2073E-01 3.4488E-01 3.6603E-01 3.8937E-01 4.0664E-01 4.2352E-01 4.4044E-01 4.5776E-01 4.8771E-01 5.0950E-01 5.4101E-01 5.6246E-01 5.9214E-01 6.2674E-01 6.5601E-01 6.8492E-01 7.1034E-01 7.4669E-01 7.8055E-01 8.2108E-01 8.6562E-01 9.0888E-01 9.5389E-01 1.0080E+00 1.0489E+00 1.0977E+00 1.1437E+00 1.1933E+00 1.2452E+00 1.3124E+00 1.3737E+00 1.4260E+00 1.4811E+00 1.5382E+00 1.5950E+00 1.6577E+00 1.7218E+00 1.7719E+00 1.7976E+00 1.8416E+00 1.8909E+00 1.9217E+00 1.9581E+00 1.9851E+00 1.9897E+00 1.9617E+00 1.9621E+00 1.9309E+00 1.9110E+00 1.9166E+00 1.9103E+00 1.9135E+00 1.9240E+00 1.9229E+00 1.9001E+00 1.8589E+00
2.9349E-01 3.1671E-01 3.3871E-01 3.6267E-01 3.8561E-01 4.0493E-01 4.2487E-01 4.4596E-01 4.6463E-01 4.8318E-01 5.1066E-01 5.3328E-01 5.5911E-01 5.9876E-01 6.1948E-01 6.4786E-01 6.8399E-01 7.1424E-01 7.4462E-01 7.8177E-01 8.2118E-01 8.6895E-01 9.1525E-01 9.6451E-01 1.0194E+00 1.0661E+00 1.1111E+00 1.1625E+00 1.2141E+00 1.2682E+00 1.3242E+00 1.4042E+00 1.4708E+00 1.5284E+00 1.6148E+00 1.6676E+00 1.7338E+00 1.7941E+00 1.8658E+00 1.9114E+00 1.9516E+00 1.9987E+00 2.0306E+00 2.0718E+00 2.1039E+00 2.1280E+00 2.0991E+00 2.0873E+00 2.0664E+00 2.0338E+00 2.0333E+00 2.0349E+00 2.0264E+00 2.0382E+00 2.0280E+00 1.9796E+00 1.9371E+00
2.8893E-01 3.0757E-01 3.2717E-01 3.4918E-01 3.7344E-01 3.9747E-01 4.2108E-01 4.4599E-01 4.7415E-01 4.9605E-01 5.1568E-01 5.4778E-01 5.6583E-01 5.9027E-01 6.1905E-01 6.5372E-01 6.8434E-01 7.1696E-01 7.5041E-01 7.7866E-01 8.3011E-01 8.6400E-01 9.1990E-01 9.6962E-01 1.0222E+00 1.0744E+00 1.1308E+00 1.1794E+00 1.2352E+00 1.3023E+00 1.3539E+00 1.4154E+00 1.5082E+00 1.5863E+00 1.6580E+00 1.7421E+00 1.8085E+00 1.8847E+00 1.9503E+00 2.0207E+00 2.0585E+00 2.1035E+00 2.1390E+00 2.2012E+00 2.2352E+00 2.2723E+00 2.2534E+00 2.2400E+00 2.2241E+00 2.1918E+00 2.1843E+00 2.1863E+00 2.1603E+00 2.1577E+00 2.1365E+00 2.0662E+00 2.0229E+00
2.8438E-01 3.0832E-01 3.2751E-01 3.4311E-01 3.6412E-01 3.8701E-01 4.0848E-01 4.3345E-01 4.6033E-01 4.9017E-01 5.2143E-01 5.4636E-01 5.7306E-01 6.0662E-01 6.2718E-01 6.5148E-01 6.8606E-01 7.2260E-01 7.5727E-01 7.8515E-01 8.2520E-01 8.7037E-01 9.2012E-01 9.7786E-01 1.0298E+00 1.0780E+00 1.1458E+00 1.1990E+00 1.2524E+00 1.3174E+00 1.3907E+00 1.4557E+00 1.5285E+00 1.6170E+00 1.7206E+00 1.8024E+00 1.8834E+00 1.9598E+00 2.0466E+00 2.1312E+00 2.1841E+00 2.2368E+00 2.2979E+00 2.3331E+00 2.3831E+00 2.4254E+00 2.4348E+00 2.4018E+00 2.4032E+00 2.3766E+00 2.3718E+00 2.3744E+00 2.3433E+00 2.3219E+00 2.2912E+00 2.1915E+00 2.1381E+00
2.8055E-01 2.9846E-01 3.1982E-01 3.4424E-01 3.6757E-01 3.8645E-01 4.0583E-01 4.3153E-01 4.5675E-01 4.8343E-01 5.0702E-01 5.3526E-01 5.7017E-01 5.9822E-01 6.3178E-01 6.6369E-01 6.9093E-01 7.2486E-01 7.6505E-01 8.0391E-01 8.4141E-01 8.7190E-01 9.2144E-01 9.8005E-01 1.0291E+00 1.0908E+00 1.1519E+00 1.2140E+00 1.2926E+00 1.3386E+00 1.4056E+00 1.4868E+00 1.5681E+00 1.6500E+00 1.7529E+00 1.8704E+00 1.9686E+00 2.0611E+00 2.1537E+00 2.2521E+00 2.3255E+00 2.3756E+00 2.4323E+00 2.4927E+00 2.5535E+00 2.6230E+00 2.6545E+00 2.6207E+00 2.6207E+00 2.5950E+00 2.5650E+00 2.5846E+00 2.5327E+00 2.4894E+00 2.4458E+00 2.3321E+00 2.2623E+00
2.7330E-01 2.9459E-01 3.1621E-01 3.3353E-01 3.5679E-01 3.7825E-01 4.0359E-01 4.2540E-01 4.5505E-01 4.7807E-01 5.0794E-01 5.3188E-01 5.5265E-01 5.8626E-01 6.2359E-01 6.5918E-01 6.9398E-01 7.2388E-01 7.7398E-01 8.1078E-01 8.4479E-01 8.9123E-01 9.2949E-01 9.7743E-01 1.0369E+00 1.0931E+00 1.1563E+00 1.2346E+00 1.3038E+00 1.3871E+00 1.4427E+00 1.5230E+00 1.6043E+00 1.6967E+00 1.8000E+00 1.9218E+00 2.0477E+00 2.1645E+00 2.2615E+00 2.3827E+00 2.4701E+00 2.5672E+00 2.6096E+00 2.6984E+00 2.7512E+00 2.8418E+00 2.8962E+00 2.8467E+00 2.8737E+00 2.8405E+00 2.7955E+00 2.8294E+00 2.7619E+00 2.7016E+00 2.6106E+00 2.4872E+00 2.4069E+00
2.6701E-01 2.8457E-01 3.0699E-01 3.2814E-01 3.4995E-01 3.7305E-01 3.9562E-01 4.1997E-01 4.4834E-01 4.7433E-01 5.0542E-01 5.2834E-01 5.5930E-01 5.9243E-01 6.1322E-01 6.4544E-01 6.8261E-01 7.2043E-01 7.6492E-01 8.1004E-01 8.5942E-01 9.0118E-01 9.5304E-01 9.9913E-01 1.0410E+00 1.1058E+00 1.1761E+00 1.2390E+00 1.3057E+00 1.3928E+00 1.4781E+00 1.5568E+00 1.6443E+00 1.7578E+00 1.8554E+00 1.9776E+00 2.1106E+00 2.2575E+00 2.3812E+00 2.4918E+00 2.6443E+00 2.7407E+00 2.8339E+00 2.8994E+00 2.9906E+00 3.0902E+00 3.1841E+00 3.1439E+00 3.1628E+00 3.1007E+00 3.0703E+00 3.0823E+00 3.0346E+00 2.9482E+00 2.7872E+00 2.6404E+00 2.5523E+00
2.6193E-01 2.7856E-01 2.9870E-01 3.1863E-01 3.4080E-01 3.6188E-01 3.8946E-01 4.1432E-01 4.3805E-01 4.6088E-01 4.8572E-01 5.1731E-01 5.4984E-01 5.8039E-01 6.1666E-01 6.4455E-01 6.8370E-01 7.1922E-01 7.5659E-01 8.0384E-01 8.5358E-01 9.0234E-01 9.5167E-01 1.0026E+00 1.0655E+00 1.1261E+00 1.1845E+00 1.2598E+00 1.3217E+00 1.3957E+00 1.4843E+00 1.5816E+00 1.6844E+00 1.8034E+00 1.9265E+00 2.0474E+00 2.1939E+00 2.3366E+00 2.5040E+00 2.6505E+00 2.7795E+00 2.9551E+00 3.0595E+00 3.1619E+00 3.2614E+00 3.3595E+00 3.4493E+00 3.4805E+00 3.4809E+00 3.4306E+00 3.3838E+00 3.3811E+00 3.3185E+00 3.1878E+00 3.0165E+00 2.8604E+00 2.6833E+00
2.6118E-01 2.7698E-01 2.9311E-01 3.1620E-01 3.3461E-01 3.5865E-01 3.7811E-01 3.9696E-01 4.2347E-01 4.4803E-01 4.7803E-01 5.0314E-01 5.3260E-01 5.6772E-01 5.9836E-01 6.3585E-01 6.7116E-01 7.1140E-01 7.5808E-01 7.9863E-01 8.4933E-01 8.9324E-01 9.4365E-01 1.0047E+00 1.0739E+00 1.1337E+00 1.2087E+00 1.2893E+00 1.3653E+00 1.4397E+00 1.5149E+00 1.6020E+00 1.7203E+00 1.8454E+00 1.9859E+00 2.1123E+00 2.2820E+00 2.4535E+00 2.6235E+00 2.8246E+00 3.0005E+00 3.1568E+00 3.3641E+00 3.4781E+00 3.5538E+00 3.6572E+00 3.8037E+00 3.8440E+00 3.8396E+00 3.7787E+00 3.7052E+00 3.6515E+00 3.5655E+00 3.4320E+00 3.2538E+00 3.0725E+00 2.8139E+00
2.5546E-01 2.7744E-01 2.9496E-01 3.1337E-01 3.3345E-01 3.5519E-01 3.7509E-01 3.9331E-01 4.2151E-01 4.4369E-01 4.6691E-01 4.9747E-01 5.2643E-01 5.5499E-01 5.8654E-01 6.2292E-01 6.6202E-01 7.1596E-01 7.5456E-01 7.9935E-01 8.4798E-01 8.9848E-01 9.5565E-01 1.0095E+00 1.0733E+00 1.1399E+00 1.2208E+00 1.3078E+00 1.3824E+00 1.4776E+00 1.5783E+00 1.6671E+00 1.7610E+00 1.8886E+00 2.0407E+00 2.1780E+00 2.3800E+00 2.5720E+00 2.7800E+00 2.9910E+00 3.2387E+00 3.4481E+00 3.6380E+00 3.8264E+00 3.9119E+00 4.0085E+00 4.1462E+00 4.2172E+00 4.2198E+00 4.1655E+00 4.0917E+00 4.0160E+00 3.9284E+00 3.6991E+00 3.5099E+00 3.2176E+00 2.9553E+00
2.5108E-01 2.6801E-01 2.8450E-01 3.0324E-01 3.2417E-01 3.4425E-01 3.6427E-01 3.8274E-01 4.0329E-01 4.2992E-01 4.5557E-01 4.8433E-01 5.1977E-01 5.5069E-01 5.8073E-01 6.1458E-01 6.6156E-01 6.9475E-01 7.4468E-01 7.9125E-01 8.4515E-01 9.0292E-01 9.4845E-01 1.0007E+00 1.0722E+00 1.1454E+00 1.2212E+00 1.2989E+00 1.3943E+00 1.5006E+00 1.6130E+00 1.7216E+00 1.8440E+00 1.9665E+00 2.1006E+00 2.2989E+00 2.4883E+00 2.6985E+00 2.9636E+00 3.2333E+00 3.4831E+00 3.7395E+00 3.9827E+00 4.1774E+00 4.3383E+00 4.4204E+00 4.5905E+00 4.7068E+00 4.7106E+00 4.6281E+00 4.6032E+00 4.4782E+00 4.3219E+00 4.0709E+00 3.7717E+00 3.4115E+00 3.1261E+00
2.4741E-01 2.6175E-01 2.7964E-01 2.9709E-01 3.1349E-01 3.3006E-01 3.4981E-01 3.7305E-01 3.9311E-01 4.1863E-01 4.4326E-01 4.6678E-01 4.9731E-01 5.3177E-01 5.6496E-01 6.0257E-01 6.4333E-01 6.8738E-01 7.3328E-01 7.7816E-01 8.2354E-01 8.7630E-01 9.4175E-01 1.0100E+00 1.0811E+00 1.1674E+00 1.2400E+00 1.3254E+00 1.4122E+00 1.5178E+00 1.6436E+00 1.7597E+00 1.8999E+00 2.0525E+00 2.2382E+00 2.3902E+00 2.6170E+00 2.8863E+00 3.1166E+00 3.4488E+00 3.7728E+00 4.0673E+00 4.4114E+00 4.6266E+00 4.8220E+00 4.9574E+00 5.1752E+00 5.3553E+00 5.3794E+00 5.2898E+00 5.2767E+00 5.0903E+00 4.8589E+00 4.4657E+00 4.0207E+00 3.6335E+00 3.3322E+00
2.3791E-01 2.5425E-01 2.6836E-01 2.8548E-01 3.0103E-01 3.2043E-01 3.3981E-01 3.5914E-01 3.8154E-01 4.0506E-01 4.2538E-01 4.4671E-01 4.7209E-01 5.0178E-01 5.3742E-01 5.7210E-01 6.1387E-01 6.5337E-01 7.0088E-01 7.5671E-01 8.0772E-01 8.7432E-01 9.3136E-01 1.0035E+00 1.0616E+00 1.1523E+00 1.2289E+00 1.3347E+00 1.4413E+00 1.5422E+00 1.6752E+00 1.8188E+00 1.9811E+00 2.1463E+00 2.3255E+00 2.5230E+00 2.7993E+00 3.0370E+00 3.3220E+00 3.6540E+00 4.0158E+00 4.3981E+00 4.7986E+00 5.1965E+00 5.4081E+00 5.6015E+00 5.8924E+00 6.2088E+00 6.2985E+00 6.2308E+00 6.2477E+00 5.9097E+00 5.4477E+00 4.9551E+00 4.4208E+00 3.9104E+00 3.4811E+00
2.3633E-01 2.5180E-01 2.6491E-01 2.7688E-01 2.9029E-01 3.0495E-01 3.2463E-01 3.4345E-01 3.6198E-01 3.8282E-01 4.0905E-01 4.3332E-01 4.5871E-01 4.9141E-01 5.2366E-01 5.5585E-01 5.8720E-01 6.2591E-01 6.7600E-01 7.1770E-01 7.7535E-01 8.3170E-01 8.9257E-01 9.6079E-01 1.0347E+00 1.1162E+00 1.2015E+00 1.3049E+00 1.4205E+00 1.5448E+00 1.6943E+00 1.8581E+00 2.0140E+00 2.2223E+00 2.4665E+00 2.6702E+00 2.9326E+00 3.2335E+00 3.5546E+00 3.8761E+00 4.2601E+00 4.7289E+00 5.2212E+00 5.7597E+00 6.2534E+00 6.5941E+00 7.0469E+00 7.4694E+00 7.7230E+00 7.7870E+00 7.5653E+00 7.1422E+00 6.4818E+00 5.6993E+00 4.9204E+00 4.2358E+00 3.7782E+00
2.3315E-01 2.4505E-01 2.5736E-01 2.7127E-01 2.8567E-01 3.0047E-01 3.1448E-01 3.3448E-01 3.5331E-01 3.6858E-01 3.8833E-01 4.0988E-01 4.3377E-01 4.6314E-01 4.9617E-01 5.3292E-01 5.6236E-01 6.0128E-01 6.4165E-01 6.8923E-01 7.2085E-01 7.6778E-01 8.2937E-01 8.9961E-01 9.7555E-01 1.0509E+00 1.1397E+00 1.2570E+00 1.3741E+00 1.4930E+00 1.6554E+00 1.8196E+00 2.0167E+00 2.2270E+00 2.4760E+00 2.7547E+00 3.0431E+00 3.3829E+00 3.7514E+00 4.1144E+00 4.5119E+00 5.0212E+00 5.6887E+00 6.4049E+00 7.2102E+00 7.9541E+00 8.6364E+00 9.1456E+00 9.6870E+00 9.8572E+00 9.4144E+00 8.7183E+00 7.7696E+00 6.6072E+00 5.5782E+00 4.7202E+00 4.0579E+00
2.2485E-01 2.3679E-01 2.5367E-01 2.6723E-01 2.8065E-01 2.9768E-01 3.1063E-01 3.2777E-01 3.4716E-01 3.6355E-01 3.8361E-01 4.0901E-01 4.3098E-01 4.5716E-01 4.9270E-01 5.1722E-01 5.5454E-01 5.8357E-01 6.2366E-01 6.6329E-01 7.0096E-01 7.4240E-01 7.9366E-01 8.5579E-01 9.1586E-01 1.0014E+00 1.0959E+00 1.1964E+00 1.3039E+00 1.4423E+00 1.5871E+00 1.7575E+00 1.9555E+00 2.1704E+00 2.4248E+00 2.7351E+00 3.0815E+00 3.4611E+00 3.8820E+00 4.3071E+00 4.8140E+00 5.4050E+00 6.1054E+00 7.1481E+00 8.2748E+00 9.5070E+00 1.0776E+01 1.1530E+01 1.2385E+01 1.2803E+01 1.2263E+01 1.0970E+01 9.2896E+00 7.7192E+00 6.4108E+00 5.2718E+00 4.3986E+00
2.1803E-01 2.3273E-01 2.4225E-01 2.5681E-01 2.6962E-01 2.8676E-01 3.0192E-01 3.1914E-01 3.3415E-01 3.5362E-01 3.6942E-01 3.9345E-01 4.1544E-01 4.4205E-01 4.7311E-01 5.0373E-01 5.3865E-01 5.7195E-01 6.1012E-01 6.5604E-01 7.0208E-01 7.3744E-01 7.7957E-01 8.3651E-01 9.1075E-01 9.7859E-01 1.0656E+00 1.1610E+00 1.2640E+00 1.3978E+00 1.5213E+00 1.6936E+00 1.8768E+00 2.1033E+00 2.3443E+00 2.6391E+00 2.9476E+00 3.4139E+00 3.8510E+00 4.3487E+00 4.8803E+00 5.6639E+00 6.6278E+00 7.9231E+00 9.5338E+00 1.1448E+01 1.3592E+01 1.5332E+01 1.6683E+01 1.7520E+01 1.6477E+01 1.3901E+01 1.1139E+01 9.1126E+00 7.3540E+00 5.9313E+00 4.8377E+00
