inst/extdata/rank(88)_nox_1hr_conc.grd
DSAA
         101         101
     735.634     740.634
    5071.041    5076.041
  0.5616E-01  0.1057E+02
[rows 75 to 99 of 101, columns 0 to 56 of 101]
1.2513E-01 1.2967E-01 1.3641E-01 1.4188E-01 1.4631E-01 1.4932E-01 1.5214E-01 1.5625E-01 1.6222E-01 1.6778E-01 1.7383E-01 1.8042E-01 1.8594E-01 1.9060E-01 1.9715E-01 2.0221E-01 2.0498E-01 2.0695E-01 2.1426E-01 2.2261E-01 2.2578E-01 2.2994E-01 2.3627E-01 2.4270E-01 2.4965E-01 2.5829E-01 2.6858E-01 2.7398E-01 2.8397E-01 2.8375E-01 2.9019E-01 2.9493E-01 3.0749E-01 3.1778E-01 3.2703E-01 3.3889E-01 3.6034E-01 3.7749E-01 3.9232E-01 3.9800E-01 4.1846E-01 4.3372E-01 4.4637E-01 4.5130E-01 4.6066E-01 4.6873E-01 4.8103E-01 5.0309E-01 4.9878E-01 4.9490E-01 5.0445E-01 5.0363E-01 4.9630E-01 4.9281E-01 4.7349E-01 4.6076E-01 4.5414E-01
1.2466E-01 1.2896E-01 1.3447E-01 1.3857E-01 1.4183E-01 1.4527E-01 1.4978E-01 1.5508E-01 1.5975E-01 1.6723E-01 1.7143E-01 1.7603E-01 1.8150E-01 1.8718E-01 1.8967E-01 1.9362E-01 1.9657E-01 2.0256E-01 2.1287E-01 2.1690E-01 2.2096E-01 2.2468E-01 2.2916E-01 2.3989E-01 2.4378E-01 2.4751E-01 2.6254E-01 2.6645E-01 2.6096E-01 2.7395E-01 2.7471E-01 2.8320E-01 2.9320E-01 3.0137E-01 3.1588E-01 3.2560E-01 3.4284E-01 3.5856E-01 3.6766E-01 3.7728E-01 3.9591E-01 4.1171E-01 4.1440E-01 4.1988E-01 4.3581E-01 4.3400E-01 4.4956E-01 4.6462E-01 4.5667E-01 4.6513E-01 4.5800E-01 4.6298E-01 4.5757E-01 4.5139E-01 4.3920E-01 4.2841E-01 4.2084E-01
1.2238E-01 1.2629E-01 1.2951E-01 1.3476E-01 1.4485E-01 1.5130E-01 1.5592E-01 1.5609E-01 1.6089E-01 1.6512E-01 1.7103E-01 1.7303E-01 1.7605E-01 1.7938E-01 1.8059E-01 1.8918E-01 1.9583E-01 2.0119E-01 2.0435E-01 2.1123E-01 2.1320E-01 2.1902E-01 2.2948E-01 2.2907E-01 2.3685E-01 2.4118E-01 2.4898E-01 2.4899E-01 2.5804E-01 2.6020E-01 2.6464E-01 2.7388E-01 2.8237E-01 2.9027E-01 3.0196E-01 3.1640E-01 3.2655E-01 3.3336E-01 3.4853E-01 3.6188E-01 3.7734E-01 3.8676E-01 3.8959E-01 3.8978E-01 4.0266E-01 4.0637E-01 4.1328E-01 4.2840E-01 4.2227E-01 4.2842E-01 4.3338E-01 4.2576E-01 4.1934E-01 4.1397E-01 4.0491E-01 3.9568E-01 3.9637E-01
1.1760E-01 1.2371E-01 1.3158E-01 1.3793E-01 1.4293E-01 1.4800E-01 1.5367E-01 1.5618E-01 1.5796E-01 1.6307E-01 1.6817E-01 1.7020E-01 1.7204E-01 1.7243E-01 1.7986E-01 1.8794E-01 1.9315E-01 1.9574E-01 1.9731E-01 2.0277E-01 2.0599E-01 2.1714E-01 2.2123E-01 2.2824E-01 2.3023E-01 2.3219E-01 2.3141E-01 2.3816E-01 2.4487E-01 2.4586E-01 2.5621E-01 2.6162E-01 2.6967E-01 2.7917E-01 2.8807E-01 3.0036E-01 3.0812E-01 3.2067E-01 3.2777E-01 3.4208E-01 3.5480E-01 3.5753E-01 3.6278E-01 3.6794E-01 3.6782E-01 3.7845E-01 3.8955E-01 3.9572E-01 3.9137E-01 3.9973E-01 4.0189E-01 3.9661E-01 3.8683E-01 3.8240E-01 3.7369E-01 3.6759E-01 3.6833E-01
1.1864E-01 1.2808E-01 1.3114E-01 1.3716E-01 1.4257E-01 1.5448E-01 1.5288E-01 1.5482E-01 1.5660E-01 1.6122E-01 1.6783E-01 1.6885E-01 1.6756E-01 1.7314E-01 1.7834E-01 1.8364E-01 1.8789E-01 1.9063E-01 1.9472E-01 1.9931E-01 2.0489E-01 2.1024E-01 2.1534E-01 2.1679E-01 2.1911E-01 2.2170E-01 2.2432E-01 2.2694E-01 2.2968E-01 2.3781E-01 2.4339E-01 2.5124E-01 2.5785E-01 2.6268E-01 2.7670E-01 2.8197E-01 2.9146E-01 3.0512E-01 3.1369E-01 3.2803E-01 3.3454E-01 3.3586E-01 3.3355E-01 3.4052E-01 3.4759E-01 3.5471E-01 3.6815E-01 3.6405E-01 3.6130E-01 3.6671E-01 3.7589E-01 3.6728E-01 3.5715E-01 3.5474E-01 3.4581E-01 3.4471E-01 3.4230E-01
1.2034E-01 1.2574E-01 1.3117E-01 1.3956E-01 1.5034E-01 1.5795E-01 1.5734E-01 1.5743E-01 1.5545E-01 1.5912E-01 1.6360E-01 1.6504E-01 1.6596E-01 1.7263E-01 1.7993E-01 1.7913E-01 1.8430E-01 1.8649E-01 1.9196E-01 1.9506E-01 1.9695E-01 2.0431E-01 2.0414E-01 2.0366E-01 2.1162E-01 2.1607E-01 2.1513E-01 2.1998E-01 2.2510E-01 2.3122E-01 2.3538E-01 2.3893E-01 2.4628E-01 2.5327E-01 2.6061E-01 2.7096E-01 2.8132E-01 2.8804E-01 2.9561E-01 3.0953E-01 3.1433E-01 3.1536E-01 3.1936E-01 3.2563E-01 3.3065E-01 3.3088E-01 3.4234E-01 3.3605E-01 3.3782E-01 3.4026E-01 3.4517E-01 3.3641E-01 3.3213E-01 3.3047E-01 3.2008E-01 3.1955E-01 3.1681E-01
1.2122E-01 1.2734E-01 1.3242E-01 1.4382E-01 1.4723E-01 1.5571E-01 1.5068E-01 1.4719E-01 1.5024E-01 1.5369E-01 1.5846E-01 1.6167E-01 1.6551E-01 1.6975E-01 1.7315E-01 1.7930E-01 1.7944E-01 1.8460E-01 1.8847E-01 1.9379E-01 1.9433E-01 1.9620E-01 1.9281E-01 1.9712E-01 2.0580E-01 2.1023E-01 2.0976E-01 2.1540E-01 2.2111E-01 2.2491E-01 2.2876E-01 2.3191E-01 2.3438E-01 2.4251E-01 2.5143E-01 2.6158E-01 2.7069E-01 2.7382E-01 2.8554E-01 2.9586E-01 2.9816E-01 2.9812E-01 3.0205E-01 3.0362E-01 3.0628E-01 3.0913E-01 3.1818E-01 3.1911E-01 3.1685E-01 3.1636E-01 3.1891E-01 3.1208E-01 3.0649E-01 3.0492E-01 2.9840E-01 2.9875E-01 2.9353E-01
1.1963E-01 1.2659E-01 1.3439E-01 1.4041E-01 1.4375E-01 1.5314E-01 1.4682E-01 1.4462E-01 1.4530E-01 1.4874E-01 1.5292E-01 1.5811E-01 1.6063E-01 1.6413E-01 1.7380E-01 1.7182E-01 1.7573E-01 1.8227E-01 1.8592E-01 1.8988E-01 1.8685E-01 1.8769E-01 1.8872E-01 1.9468E-01 1.9936E-01 2.0059E-01 2.0187E-01 2.0659E-01 2.1190E-01 2.1238E-01 2.2256E-01 2.2198E-01 2.2751E-01 2.3382E-01 2.4592E-01 2.5305E-01 2.5817E-01 2.6236E-01 2.7474E-01 2.8074E-01 2.8009E-01 2.8005E-01 2.8217E-01 2.8727E-01 2.9143E-01 2.9021E-01 2.9642E-01 3.0310E-01 2.9606E-01 2.9385E-01 2.9568E-01 2.9001E-01 2.8559E-01 2.8589E-01 2.8183E-01 2.8214E-01 2.7428E-01
1.2395E-01 1.2667E-01 1.3168E-01 1.3941E-01 1.4312E-01 1.4864E-01 1.4041E-01 1.3843E-01 1.4021E-01 1.4534E-01 1.4843E-01 1.5295E-01 1.5881E-01 1.6366E-01 1.6507E-01 1.6668E-01 1.7018E-01 1.7568E-01 1.8028E-01 1.8054E-01 1.7949E-01 1.8025E-01 1.8471E-01 1.9148E-01 1.9094E-01 1.9014E-01 1.9689E-01 1.9812E-01 2.0181E-01 2.0608E-01 2.1157E-01 2.1424E-01 2.1995E-01 2.2653E-01 2.3792E-01 2.4304E-01 2.4355E-01 2.5313E-01 2.6231E-01 2.6665E-01 2.6065E-01 2.6352E-01 2.6499E-01 2.6663E-01 2.7213E-01 2.7410E-01 2.7691E-01 2.8147E-01 2.8149E-01 2.7367E-01 2.7406E-01 2.7091E-01 2.7042E-01 2.6838E-01 2.6796E-01 2.6370E-01 2.5933E-01
1.2397E-01 1.3115E-01 1.3396E-01 1.3727E-01 1.3944E-01 1.4419E-01 1.3460E-01 1.3482E-01 1.3802E-01 1.4227E-01 1.4287E-01 1.4897E-01 1.5612E-01 1.6050E-01 1.5893E-01 1.6110E-01 1.6606E-01 1.7108E-01 1.7261E-01 1.7038E-01 1.7053E-01 1.7505E-01 1.8081E-01 1.8217E-01 1.7986E-01 1.8401E-01 1.8571E-01 1.9281E-01 1.9321E-01 1.9890E-01 2.0187E-01 2.0566E-01 2.1303E-01 2.1884E-01 2.2661E-01 2.2784E-01 2.3374E-01 2.4604E-01 2.4995E-01 2.5437E-01 2.4602E-01 2.4850E-01 2.5219E-01 2.5311E-01 2.5137E-01 2.6112E-01 2.6433E-01 2.6718E-01 2.7197E-01 2.6748E-01 2.5730E-01 2.5179E-01 2.5588E-01 2.4987E-01 2.4894E-01 2.4960E-01 2.5218E-01
1.2332E-01 1.2673E-01 1.3180E-01 1.3493E-01 1.3640E-01 1.4121E-01 1.3038E-01 1.3263E-01 1.3302E-01 1.3820E-01 1.4340E-01 1.4821E-01 1.5269E-01 1.5315E-01 1.5545E-01 1.5600E-01 1.6110E-01 1.6257E-01 1.6350E-01 1.6358E-01 1.6432E-01 1.7422E-01 1.7345E-01 1.7281E-01 1.7243E-01 1.7558E-01 1.8243E-01 1.8243E-01 1.8573E-01 1.8994E-01 1.9372E-01 1.9887E-01 2.0719E-01 2.1185E-01 2.1662E-01 2.1875E-01 2.2917E-01 2.3502E-01 2.3929E-01 2.3460E-01 2.3751E-01 2.3645E-01 2.3945E-01 2.4245E-01 2.4675E-01 2.4647E-01 2.4736E-01 2.5250E-01 2.5724E-01 2.5242E-01 2.4615E-01 2.3823E-01 2.4149E-01 2.4413E-01 2.3925E-01 2.4090E-01 2.5266E-01
1.1910E-01 1.2139E-01 1.2099E-01 1.1989E-01 1.2271E-01 1.2497E-01 1.2729E-01 1.2475E-01 1.3152E-01 1.3272E-01 1.3951E-01 1.4092E-01 1.4593E-01 1.4828E-01 1.4870E-01 1.5027E-01 1.5072E-01 1.5409E-01 1.5671E-01 1.5489E-01 1.6059E-01 1.6391E-01 1.6345E-01 1.6671E-01 1.7055E-01 1.7377E-01 1.7300E-01 1.7551E-01 1.8004E-01 1.8274E-01 1.8570E-01 1.9219E-01 1.9945E-01 2.0336E-01 2.0730E-01 2.1043E-01 2.1961E-01 2.2319E-01 2.2721E-01 2.2054E-01 2.2292E-01 2.2555E-01 2.2852E-01 2.2884E-01 2.3428E-01 2.3423E-01 2.3633E-01 2.3741E-01 2.3806E-01 2.3711E-01 2.3794E-01 2.3382E-01 2.3372E-01 2.3721E-01 2.3751E-01 2.4568E-01 2.5837E-01
1.1512E-01 1.1243E-01 1.1266E-01 1.1446E-01 1.1706E-01 1.1669E-01 1.2065E-01 1.2436E-01 1.2673E-01 1.3007E-01 1.3266E-01 1.3643E-01 1.3696E-01 1.3950E-01 1.4391E-01 1.4486E-01 1.4744E-01 1.4932E-01 1.4853E-01 1.5060E-01 1.5286E-01 1.5466E-01 1.5804E-01 1.6252E-01 1.6266E-01 1.6451E-01 1.6580E-01 1.6926E-01 1.7238E-01 1.7657E-01 1.8111E-01 1.8616E-01 1.9271E-01 1.9395E-01 1.9902E-01 2.0362E-01 2.1042E-01 2.1098E-01 2.1290E-01 2.1305E-01 2.1503E-01 2.1725E-01 2.1849E-01 2.2141E-01 2.2105E-01 2.2130E-01 2.2144E-01 2.2422E-01 2.2346E-01 2.2949E-01 2.2659E-01 2.2454E-01 2.2768E-01 2.3670E-01 2.5240E-01 2.7194E-01 2.8734E-01
1.1055E-01 1.0680E-01 1.0750E-01 1.1024E-01 1.1132E-01 1.1505E-01 1.1935E-01 1.1956E-01 1.2150E-01 1.2258E-01 1.2624E-01 1.2676E-01 1.3042E-01 1.3581E-01 1.3988E-01 1.3999E-01 1.3882E-01 1.4101E-01 1.4292E-01 1.4450E-01 1.4542E-01 1.5011E-01 1.5248E-01 1.5460E-01 1.5672E-01 1.5742E-01 1.5961E-01 1.6212E-01 1.6698E-01 1.6878E-01 1.7463E-01 1.8201E-01 1.8485E-01 1.8697E-01 1.9223E-01 1.9705E-01 2.0048E-01 2.0227E-01 2.0410E-01 2.0356E-01 2.0755E-01 2.0641E-01 2.0727E-01 2.1403E-01 2.1280E-01 2.1194E-01 2.1257E-01 2.1147E-01 2.1617E-01 2.2325E-01 2.1859E-01 2.3022E-01 2.3848E-01 2.5800E-01 2.7661E-01 2.9257E-01 3.0665E-01
1.0510E-01 1.0205E-01 1.0305E-01 1.0381E-01 1.0803E-01 1.0981E-01 1.1322E-01 1.1274E-01 1.1469E-01 1.1639E-01 1.1828E-01 1.2172E-01 1.2594E-01 1.3004E-01 1.3336E-01 1.3366E-01 1.3317E-01 1.3521E-01 1.3703E-01 1.3823E-01 1.4004E-01 1.4449E-01 1.4788E-01 1.4824E-01 1.4994E-01 1.5106E-01 1.5523E-01 1.5692E-01 1.5905E-01 1.6651E-01 1.7051E-01 1.7356E-01 1.7777E-01 1.7957E-01 1.8409E-01 1.8780E-01 1.9117E-01 1.9280E-01 1.9268E-01 1.9221E-01 1.9293E-01 1.9737E-01 1.9561E-01 2.0013E-01 1.9987E-01 1.9988E-01 2.0360E-01 2.0334E-01 2.0908E-01 2.1934E-01 2.2806E-01 2.4199E-01 2.5315E-01 2.7675E-01 2.9728E-01 3.3177E-01 3.4163E-01
1.0073E-01 9.8843E-02 9.8044E-02 1.0135E-01 1.0405E-01 1.0660E-01 1.0735E-01 1.0777E-01 1.0974E-01 1.1147E-01 1.1528E-01 1.1869E-01 1.2078E-01 1.2429E-01 1.2836E-01 1.2695E-01 1.2816E-01 1.3096E-01 1.3390E-01 1.3449E-01 1.3751E-01 1.3896E-01 1.4056E-01 1.4152E-01 1.4425E-01 1.4760E-01 1.4940E-01 1.5258E-01 1.5568E-01 1.6088E-01 1.6563E-01 1.6840E-01 1.7169E-01 1.7517E-01 1.7649E-01 1.8012E-01 1.8348E-01 1.8204E-01 1.8297E-01 1.8394E-01 1.8459E-01 1.8816E-01 1.8827E-01 1.9147E-01 1.9569E-01 1.9714E-01 1.9724E-01 1.9663E-01 2.0908E-01 2.3276E-01 2.4258E-01 2.5502E-01 2.8335E-01 3.0844E-01 3.4170E-01 3.6276E-01 3.6985E-01
9.3143E-02 9.1322E-02 9.5085E-02 9.6234E-02 9.9839E-02 9.9583E-02 1.0140E-01 1.0394E-01 1.0564E-01 1.0925E-01 1.1170E-01 1.1572E-01 1.1918E-01 1.2133E-01 1.2226E-01 1.2281E-01 1.2308E-01 1.2708E-01 1.2978E-01 1.3124E-01 1.3316E-01 1.3437E-01 1.3527E-01 1.3632E-01 1.4061E-01 1.4213E-01 1.4306E-01 1.4834E-01 1.5303E-01 1.5552E-01 1.5924E-01 1.6015E-01 1.6217E-01 1.6827E-01 1.7053E-01 1.7368E-01 1.7161E-01 1.7467E-01 1.7814E-01 1.7905E-01 1.8059E-01 1.8590E-01 1.8810E-01 1.9332E-01 1.9666E-01 1.9511E-01 2.0941E-01 2.2878E-01 2.3485E-01 2.5403E-01 2.6592E-01 2.9012E-01 3.1038E-01 3.3406E-01 3.4798E-01 3.8795E-01 3.7554E-01
8.5722E-02 8.9079E-02 9.0892E-02 9.2020E-02 9.3016E-02 9.5419E-02 9.8867E-02 1.0131E-01 1.0534E-01 1.0660E-01 1.0850E-01 1.1042E-01 1.1341E-01 1.1529E-01 1.1677E-01 1.1856E-01 1.1970E-01 1.2141E-01 1.2456E-01 1.2715E-01 1.2820E-01 1.2860E-01 1.2985E-01 1.3350E-01 1.3557E-01 1.3702E-01 1.3919E-01 1.4331E-01 1.4835E-01 1.4853E-01 1.5238E-01 1.4962E-01 1.5775E-01 1.6044E-01 1.6239E-01 1.6664E-01 1.6245E-01 1.6699E-01 1.6911E-01 1.7361E-01 1.8035E-01 1.8205E-01 1.8597E-01 1.8618E-01 2.0652E-01 2.2194E-01 2.3700E-01 2.5981E-01 2.7339E-01 2.8583E-01 2.9801E-01 3.0857E-01 3.3395E-01 3.4332E-01 3.6114E-01 3.9297E-01 3.8659E-01
8.2186E-02 8.4863E-02 8.6732E-02 8.7841E-02 9.1591E-02 9.5423E-02 9.6237E-02 9.9513E-02 1.0093E-01 1.0261E-01 1.0502E-01 1.0730E-01 1.0847E-01 1.0938E-01 1.1159E-01 1.1351E-01 1.1504E-01 1.1714E-01 1.2037E-01 1.2217E-01 1.2205E-01 1.2322E-01 1.2630E-01 1.2876E-01 1.2883E-01 1.3133E-01 1.3639E-01 1.3993E-01 1.4356E-01 1.4256E-01 1.4376E-01 1.4675E-01 1.5085E-01 1.5257E-01 1.5597E-01 1.5833E-01 1.5909E-01 1.5986E-01 1.6696E-01 1.7151E-01 1.7592E-01 1.7571E-01 1.8722E-01 2.0794E-01 2.2863E-01 2.3981E-01 2.5537E-01 2.7963E-01 2.8980E-01 3.0970E-01 3.1572E-01 3.3913E-01 3.4395E-01 3.4917E-01 3.7961E-01 3.9491E-01 4.1449E-01
7.9662E-02 8.2276E-02 8.3745E-02 8.7077E-02 8.9257E-02 9.0561E-02 9.2324E-02 9.4890E-02 9.5418E-02 9.9517E-02 1.0151E-01 1.0380E-01 1.0444E-01 1.0595E-01 1.0788E-01 1.1030E-01 1.1213E-01 1.1285E-01 1.1524E-01 1.1610E-01 1.1756E-01 1.2011E-01 1.2135E-01 1.2367E-01 1.2544E-01 1.2828E-01 1.3035E-01 1.3639E-01 1.3525E-01 1.3580E-01 1.3689E-01 1.4150E-01 1.4300E-01 1.4528E-01 1.4878E-01 1.5226E-01 1.5251E-01 1.6057E-01 1.6574E-01 1.6926E-01 1.7424E-01 1.8673E-01 2.0836E-01 2.2507E-01 2.4579E-01 2.5632E-01 2.7492E-01 2.8550E-01 2.9820E-01 3.1152E-01 3.3270E-01 3.5489E-01 3.6573E-01 3.7844E-01 3.9515E-01 4.2012E-01 4.1466E-01
7.7186E-02 8.0056E-02 8.2327E-02 8.4110E-02 8.3132E-02 8.7583E-02 8.9102E-02 9.0775E-02 9.3691E-02 9.5451E-02 9.8074E-02 9.9897E-02 1.0059E-01 1.0168E-01 1.0453E-01 1.0700E-01 1.0860E-01 1.1031E-01 1.1080E-01 1.1193E-01 1.1221E-01 1.1479E-01 1.1684E-01 1.1751E-01 1.2482E-01 1.2492E-01 1.2452E-01 1.2902E-01 1.3002E-01 1.2814E-01 1.3209E-01 1.3529E-01 1.3664E-01 1.3679E-01 1.4233E-01 1.4645E-01 1.5278E-01 1.5946E-01 1.6155E-01 1.6783E-01 1.8255E-01 1.9940E-01 2.2164E-01 2.3931E-01 2.5502E-01 2.7846E-01 2.8704E-01 2.9600E-01 3.2027E-01 3.5650E-01 3.6651E-01 3.6570E-01 3.8331E-01 3.9215E-01 4.1324E-01 4.1428E-01 4.1438E-01
7.3725E-02 7.6390E-02 7.8412E-02 7.9577E-02 8.2860E-02 8.4215E-02 8.6551E-02 8.9002E-02 9.1439E-02 9.2880E-02 9.4783E-02 9.5883E-02 9.7665E-02 9.8563E-02 1.0102E-01 1.0381E-01 1.0458E-01 1.0419E-01 1.0579E-01 1.0651E-01 1.0765E-01 1.0889E-01 1.1054E-01 1.1536E-01 1.1929E-01 1.1910E-01 1.2101E-01 1.2265E-01 1.2301E-01 1.2296E-01 1.2743E-01 1.2852E-01 1.3086E-01 1.3112E-01 1.3686E-01 1.4196E-01 1.5105E-01 1.5774E-01 1.6406E-01 1.7547E-01 1.8797E-01 2.0938E-01 2.2786E-01 2.4110E-01 2.6428E-01 2.8390E-01 2.7981E-01 3.1261E-01 3.3093E-01 3.4737E-01 3.5399E-01 3.6318E-01 3.7316E-01 3.8524E-01 4.0719E-01 4.0839E-01 4.1317E-01
7.0948E-02 7.3503E-02 7.6054E-02 7.6844E-02 7.9268E-02 8.1676E-02 8.4906E-02 8.6046E-02 8.8199E-02 8.9475E-02 9.1028E-02 9.3641E-02 9.3353E-02 9.5889E-02 9.7485E-02 9.9715E-02 9.9627E-02 9.9830E-02 1.0084E-01 1.0164E-01 1.0258E-01 1.0560E-01 1.0655E-01 1.1040E-01 1.1492E-01 1.1350E-01 1.1560E-01 1.1849E-01 1.1811E-01 1.1951E-01 1.2209E-01 1.2427E-01 1.2605E-01 1.3076E-01 1.3431E-01 1.3827E-01 1.4532E-01 1.5822E-01 1.6766E-01 1.8706E-01 2.0473E-01 2.2280E-01 2.3067E-01 2.4803E-01 2.6503E-01 2.8259E-01 2.9800E-01 3.0964E-01 3.2572E-01 3.4310E-01 3.5540E-01 3.5878E-01 3.8070E-01 3.8186E-01 3.9842E-01 4.1030E-01 4.0937E-01
7.0796E-02 7.0954E-02 7.2967E-02 7.4684E-02 7.6595E-02 7.9802E-02 8.1027E-02 8.2885E-02 8.5060E-02 8.6175E-02 8.7856E-02 8.8356E-02 9.0998E-02 9.2551E-02 9.4147E-02 9.5432E-02 9.5568E-02 9.5660E-02 9.5853E-02 9.6985E-02 9.8799E-02 1.0173E-01 1.0222E-01 1.0609E-01 1.0881E-01 1.0928E-01 1.1134E-01 1.1234E-01 1.1379E-01 1.1584E-01 1.1871E-01 1.2042E-01 1.2414E-01 1.2868E-01 1.2943E-01 1.3350E-01 1.4827E-01 1.5619E-01 1.7572E-01 1.9462E-01 2.1226E-01 2.2835E-01 2.3732E-01 2.6180E-01 2.6960E-01 2.8694E-01 3.0016E-01 3.0675E-01 3.2517E-01 3.3463E-01 3.4413E-01 3.5816E-01 3.8260E-01 3.8236E-01 3.8741E-01 4.0803E-01 4.1156E-01
6.7637E-02 6.9518E-02 7.0394E-02 7.3088E-02 7.5133E-02 7.6816E-02 7.7951E-02 8.1343E-02 8.1878E-02 8.3624E-02 8.4009E-02 8.4278E-02 8.7224E-02 8.8914E-02 8.9382E-02 9.1025E-02 9.1094E-02 9.0984E-02 9.1787E-02 9.2455E-02 9.4147E-02 9.7529E-02 9.8216E-02 1.0295E-01 1.0374E-01 1.0439E-01 1.0779E-01 1.0959E-01 1.0998E-01 1.1328E-01 1.1549E-01 1.1953E-01 1.2294E-01 1.2686E-01 1.3067E-01 1.3159E-01 1.4590E-01 1.6626E-01 1.8503E-01 2.0504E-01 2.2159E-01 2.3216E-01 2.3866E-01 2.6153E-01 2.8417E-01 2.9012E-01 2.9254E-01 3.0387E-01 3.1443E-01 3.2597E-01 3.3774E-01 3.4787E-01 3.6691E-01 3.6948E-01 3.8820E-01 3.9507E-01 3.9487E-01
