inst/extdata/rank(176)_nox_1hr_conc.grd
DSAA
         101         101
     735.634     740.634
    5071.041    5076.041
  0.2680E-01  0.9405E+01
[rows 25 to 49 of 101, columns 0 to 56 of 101]
3.2115E-01 3.4100E-01 3.5765E-01 3.7278E-01 3.8463E-01 3.9909E-01 4.1116E-01 4.2842E-01 4.4307E-01 4.5513E-01 4.6509E-01 4.7731E-01 4.9408E-01 5.0472E-01 5.0698E-01 5.2758E-01 5.3321E-01 5.4187E-01 5.5290E-01 5.6248E-01 5.6053E-01 5.7305E-01 5.8210E-01 5.9741E-01 5.9363E-01 5.8822E-01 5.8289E-01 5.8445E-01 5.8338E-01 5.8988E-01 5.8636E-01 5.8725E-01 5.9627E-01 5.8895E-01 5.9152E-01 5.9248E-01 5.8836E-01 5.8368E-01 5.7771E-01 5.5320E-01 5.3724E-01 5.2201E-01 4.9717E-01 4.8051E-01 4.7054E-01 4.6473E-01 4.4340E-01 4.1698E-01 3.9440E-01 3.6219E-01 3.4502E-01 3.4584E-01 3.4131E-01 3.3953E-01 3.1692E-01 3.0830E-01 2.8153E-01
3.2064E-01 3.3162E-01 3.4733E-01 3.6859E-01 3.8431E-01 3.9227E-01 4.0728E-01 4.1732E-01 4.3145E-01 4.5044E-01 4.6546E-01 4.7983E-01 4.9034E-01 5.0677E-01 5.1946E-01 5.2304E-01 5.3427E-01 5.5182E-01 5.5750E-01 5.6809E-01 5.8070E-01 5.8259E-01 5.9977E-01 6.0958E-01 6.1882E-01 6.1730E-01 6.0782E-01 6.0544E-01 6.1173E-01 6.1228E-01 6.1925E-01 6.0950E-01 6.1160E-01 6.2163E-01 6.1314E-01 6.1433E-01 6.2573E-01 6.2660E-01 6.1070E-01 5.9244E-01 5.7311E-01 5.6391E-01 5.2194E-01 5.1171E-01 4.9694E-01 4.9089E-01 4.8127E-01 4.4232E-01 4.1171E-01 3.8107E-01 3.6758E-01 3.6832E-01 3.5050E-01 3.5791E-01 3.3298E-01 3.2447E-01 3.0853E-01
3.1421E-01 3.2863E-01 3.4707E-01 3.5601E-01 3.7379E-01 3.9254E-01 4.1397E-01 4.2021E-01 4.2929E-01 4.4238E-01 4.5801E-01 4.7706E-01 4.9257E-01 5.0285E-01 5.2033E-01 5.2954E-01 5.4042E-01 5.5063E-01 5.6658E-01 5.8094E-01 5.8955E-01 6.0447E-01 6.1411E-01 6.2072E-01 6.3427E-01 6.4593E-01 6.4597E-01 6.3468E-01 6.2990E-01 6.3203E-01 6.4215E-01 6.4032E-01 6.4003E-01 6.4429E-01 6.5206E-01 6.5034E-01 6.4785E-01 6.5805E-01 6.4425E-01 6.2027E-01 6.0755E-01 5.8690E-01 5.6853E-01 5.3507E-01 5.2747E-01 5.2971E-01 5.1973E-01 4.6536E-01 4.4391E-01 4.0594E-01 3.8779E-01 3.8408E-01 3.7278E-01 3.8246E-01 3.5343E-01 3.4697E-01 3.3145E-01
3.0166E-01 3.1776E-01 3.3625E-01 3.5375E-01 3.6715E-01 3.8079E-01 3.9812E-01 4.2051E-01 4.3224E-01 4.4470E-01 4.5442E-01 4.6843E-01 4.8467E-01 5.0124E-01 5.1236E-01 5.2895E-01 5.4538E-01 5.5453E-01 5.7107E-01 5.8053E-01 6.0229E-01 6.1160E-01 6.3558E-01 6.4609E-01 6.5508E-01 6.6559E-01 6.7748E-01 6.8049E-01 6.6632E-01 6.6550E-01 6.6038E-01 6.7910E-01 6.7317E-01 6.6059E-01 6.8107E-01 6.8077E-01 6.7915E-01 6.8538E-01 6.8625E-01 6.6839E-01 6.4551E-01 6.2997E-01 6.1249E-01 5.7310E-01 5.6857E-01 5.5652E-01 5.5482E-01 5.1481E-01 4.7156E-01 4.3867E-01 4.2133E-01 4.1351E-01 4.0811E-01 4.1065E-01 3.7476E-01 3.6810E-01 3.5460E-01
2.8655E-01 3.0665E-01 3.2862E-01 3.4698E-01 3.6065E-01 3.7213E-01 3.8729E-01 4.0562E-01 4.2744E-01 4.4077E-01 4.5371E-01 4.6902E-01 4.7861E-01 4.9041E-01 5.0726E-01 5.2442E-01 5.4211E-01 5.6276E-01 5.7557E-01 5.9018E-01 6.0271E-01 6.2256E-01 6.4472E-01 6.5818E-01 6.7400E-01 6.8057E-01 6.9855E-01 7.0100E-01 7.1353E-01 6.9859E-01 6.9351E-01 6.9273E-01 7.0489E-01 7.0632E-01 6.9951E-01 7.2912E-01 7.1255E-01 7.0685E-01 7.3509E-01 7.1384E-01 6.8689E-01 6.7560E-01 6.5189E-01 6.2300E-01 6.1393E-01 5.9484E-01 5.8770E-01 5.6973E-01 5.0496E-01 4.7295E-01 4.5670E-01 4.4825E-01 4.3647E-01 4.2969E-01 3.9917E-01 3.8869E-01 3.8074E-01
2.7846E-01 2.9368E-01 3.1132E-01 3.3080E-01 3.4786E-01 3.6473E-01 3.8186E-01 3.9671E-01 4.1444E-01 4.3141E-01 4.5945E-01 4.6218E-01 4.7677E-01 4.8904E-01 4.9997E-01 5.1137E-01 5.3479E-01 5.5381E-01 5.7206E-01 5.9451E-01 6.0922E-01 6.2740E-01 6.4556E-01 6.7202E-01 6.8679E-01 7.0720E-01 7.0999E-01 7.3223E-01 7.3532E-01 7.4306E-01 7.2938E-01 7.2949E-01 7.3194E-01 7.4511E-01 7.4564E-01 7.4584E-01 7.7718E-01 7.4963E-01 7.5210E-01 7.8247E-01 7.5282E-01 7.1745E-01 6.9037E-01 6.7837E-01 6.4513E-01 6.3837E-01 6.3892E-01 6.2092E-01 5.4670E-01 5.0875E-01 4.9653E-01 4.9193E-01 4.6917E-01 4.6133E-01 4.2475E-01 4.1800E-01 4.1611E-01
2.6637E-01 2.8325E-01 3.0057E-01 3.1763E-01 3.2912E-01 3.5100E-01 3.7265E-01 3.9025E-01 4.0605E-01 4.1968E-01 4.3747E-01 4.5473E-01 4.7220E-01 4.8302E-01 5.0131E-01 5.1758E-01 5.3284E-01 5.4502E-01 5.7542E-01 5.9532E-01 6.1803E-01 6.3236E-01 6.5124E-01 6.7455E-01 7.0173E-01 7.2087E-01 7.3458E-01 7.4621E-01 7.6676E-01 7.8664E-01 7.7986E-01 7.7283E-01 7.7341E-01 7.7567E-01 7.9747E-01 7.9443E-01 8.0119E-01 8.1439E-01 7.9754E-01 7.9918E-01 8.2261E-01 7.8050E-01 7.5034E-01 7.3111E-01 7.0826E-01 6.9089E-01 6.8711E-01 6.6713E-01 6.0936E-01 5.5553E-01 5.3970E-01 5.3218E-01 5.0621E-01 4.9560E-01 4.6112E-01 4.4699E-01 4.4889E-01
2.5519E-01 2.7011E-01 2.8847E-01 3.0824E-01 3.2388E-01 3.3793E-01 3.5612E-01 3.7188E-01 3.9546E-01 4.1146E-01 4.2655E-01 4.4412E-01 4.6407E-01 4.8208E-01 4.9666E-01 5.1351E-01 5.2998E-01 5.5308E-01 5.6816E-01 5.8344E-01 6.1633E-01 6.4476E-01 6.6247E-01 6.8118E-01 7.0301E-01 7.3053E-01 7.4990E-01 7.7152E-01 7.8204E-01 8.0232E-01 8.1917E-01 8.2608E-01 8.2278E-01 8.2363E-01 8.3937E-01 8.5454E-01 8.5374E-01 8.7155E-01 8.6285E-01 8.4569E-01 8.6924E-01 8.5175E-01 8.2145E-01 7.8564E-01 7.5931E-01 7.4621E-01 7.4509E-01 7.2568E-01 6.6999E-01 6.0325E-01 5.8234E-01 5.5657E-01 5.5730E-01 5.2611E-01 4.8080E-01 4.7754E-01 4.9384E-01
2.5764E-01 2.6962E-01 2.8482E-01 2.9451E-01 3.1111E-01 3.2838E-01 3.4454E-01 3.6416E-01 3.7836E-01 3.9899E-01 4.1741E-01 4.3418E-01 4.5183E-01 4.6807E-01 4.9224E-01 5.1583E-01 5.3193E-01 5.5213E-01 5.6632E-01 5.8527E-01 6.0425E-01 6.3554E-01 6.6618E-01 6.8255E-01 7.0992E-01 7.3466E-01 7.6443E-01 7.8221E-01 8.1598E-01 8.2728E-01 8.4787E-01 8.7351E-01 8.8052E-01 8.7012E-01 8.9319E-01 9.1369E-01 9.1815E-01 9.3190E-01 9.4344E-01 9.2705E-01 9.0987E-01 9.2767E-01 8.9666E-01 8.6483E-01 8.3115E-01 8.1343E-01 7.9152E-01 7.7627E-01 7.1133E-01 6.5020E-01 6.3597E-01 6.0434E-01 5.8804E-01 5.6287E-01 5.2522E-01 5.1869E-01 5.2089E-01
2.4254E-01 2.5981E-01 2.7618E-01 2.9415E-01 3.0477E-01 3.1918E-01 3.3618E-01 3.4979E-01 3.6742E-01 3.8704E-01 4.0693E-01 4.2493E-01 4.4161E-01 4.5742E-01 4.7946E-01 5.0238E-01 5.2700E-01 5.5102E-01 5.6627E-01 5.8942E-01 6.0726E-01 6.2742E-01 6.5101E-01 6.9625E-01 7.1807E-01 7.4330E-01 7.7258E-01 7.9736E-01 8.2969E-01 8.5105E-01 8.7138E-01 9.0827E-01 9.2759E-01 9.3590E-01 9.4614E-01 9.7134E-01 9.8032E-01 9.9281E-01 1.0121E+00 1.0129E+00 9.9862E-01 1.0029E+00 9.8684E-01 9.5715E-01 8.9970E-01 8.8212E-01 8.6973E-01 8.3035E-01 7.9808E-01 7.2718E-01 6.9542E-01 6.6198E-01 6.4185E-01 5.9442E-01 5.7985E-01 5.6942E-01 5.5485E-01
2.3465E-01 2.4603E-01 2.6088E-01 2.7576E-01 2.9394E-01 3.0784E-01 3.2377E-01 3.3866E-01 3.6059E-01 3.7469E-01 3.8642E-01 4.1167E-01 4.2861E-01 4.5208E-01 4.7044E-01 4.8918E-01 5.0850E-01 5.3510E-01 5.6165E-01 5.9038E-01 6.1190E-01 6.3445E-01 6.5879E-01 6.7401E-01 7.1322E-01 7.5061E-01 7.7322E-01 8.0536E-01 8.2603E-01 8.7180E-01 8.9422E-01 9.2962E-01 9.7863E-01 1.0011E+00 1.0202E+00 1.0225E+00 1.0577E+00 1.0691E+00 1.0805E+00 1.1031E+00 1.0944E+00 1.0926E+00 1.0829E+00 1.0505E+00 1.0033E+00 9.6909E-01 9.4399E-01 9.0324E-01 8.5600E-01 8.0703E-01 7.6994E-01 7.2711E-01 6.8388E-01 6.2958E-01 6.2865E-01 6.0259E-01 5.8136E-01
2.1823E-01 2.3435E-01 2.5150E-01 2.6507E-01 2.7605E-01 2.9245E-01 3.0683E-01 3.2425E-01 3.3855E-01 3.5777E-01 3.7512E-01 3.9837E-01 4.1012E-01 4.3060E-01 4.5456E-01 4.7890E-01 5.0024E-01 5.1874E-01 5.4491E-01 5.7483E-01 6.0541E-01 6.3210E-01 6.6425E-01 6.8230E-01 7.0613E-01 7.3270E-01 7.8205E-01 8.0452E-01 8.3962E-01 8.8837E-01 9.1971E-01 9.6623E-01 1.0020E+00 1.0528E+00 1.0866E+00 1.1000E+00 1.1244E+00 1.1481E+00 1.1509E+00 1.1770E+00 1.1899E+00 1.1755E+00 1.1832E+00 1.1465E+00 1.1128E+00 1.0777E+00 1.0523E+00 9.8472E-01 9.5689E-01 8.9736E-01 8.5198E-01 8.0387E-01 7.5027E-01 6.8308E-01 6.8310E-01 6.5091E-01 6.2005E-01
2.1581E-01 2.2905E-01 2.4114E-01 2.5247E-01 2.6730E-01 2.8194E-01 2.9823E-01 3.1102E-01 3.1909E-01 3.4118E-01 3.5752E-01 3.7684E-01 3.9384E-01 4.1781E-01 4.3517E-01 4.5326E-01 4.7906E-01 5.1409E-01 5.3156E-01 5.5268E-01 5.8258E-01 6.2100E-01 6.5649E-01 6.8311E-01 7.1251E-01 7.3753E-01 7.7143E-01 8.1070E-01 8.6259E-01 8.9241E-01 9.3236E-01 9.7825E-01 1.0411E+00 1.0852E+00 1.1376E+00 1.1830E+00 1.1900E+00 1.2294E+00 1.2477E+00 1.2590E+00 1.2911E+00 1.2886E+00 1.2961E+00 1.2796E+00 1.2479E+00 1.2087E+00 1.1596E+00 1.0956E+00 1.0425E+00 9.7859E-01 9.2327E-01 9.0004E-01 8.2051E-01 7.5027E-01 7.4238E-01 7.0469E-01 6.6719E-01
2.0422E-01 2.1699E-01 2.2953E-01 2.4339E-01 2.5659E-01 2.7175E-01 2.8205E-01 2.9495E-01 3.1287E-01 3.3005E-01 3.4239E-01 3.6075E-01 3.7624E-01 3.9316E-01 4.2244E-01 4.3589E-01 4.6135E-01 4.8480E-01 5.0505E-01 5.4268E-01 5.6981E-01 6.0295E-01 6.3364E-01 6.7000E-01 7.0667E-01 7.4669E-01 7.7737E-01 8.0636E-01 8.4772E-01 9.0638E-01 9.5972E-01 9.9654E-01 1.0588E+00 1.1170E+00 1.1819E+00 1.2178E+00 1.2908E+00 1.3164E+00 1.3575E+00 1.3489E+00 1.3657E+00 1.3990E+00 1.3953E+00 1.4534E+00 1.4036E+00 1.3603E+00 1.2737E+00 1.2403E+00 1.1639E+00 1.0950E+00 1.0301E+00 9.7702E-01 9.0918E-01 8.3239E-01 8.0921E-01 7.5606E-01 7.2458E-01
2.0189E-01 2.1189E-01 2.1966E-01 2.3053E-01 2.4084E-01 2.5482E-01 2.7025E-01 2.8607E-01 3.0039E-01 3.1339E-01 3.2880E-01 3.4676E-01 3.6331E-01 3.8487E-01 3.9752E-01 4.1286E-01 4.4337E-01 4.7115E-01 4.8791E-01 5.1739E-01 5.4012E-01 5.7979E-01 6.2058E-01 6.5723E-01 6.9545E-01 7.3963E-01 7.6988E-01 8.1334E-01 8.4858E-01 8.9846E-01 9.5854E-01 1.0171E+00 1.0774E+00 1.1292E+00 1.2079E+00 1.2856E+00 1.3298E+00 1.4014E+00 1.4189E+00 1.4758E+00 1.4597E+00 1.5233E+00 1.5354E+00 1.5503E+00 1.5754E+00 1.5138E+00 1.4811E+00 1.4169E+00 1.3320E+00 1.2214E+00 1.1403E+00 1.0732E+00 9.8715E-01 9.1309E-01 8.9639E-01 8.2992E-01 7.8197E-01
1.8919E-01 2.0156E-01 2.1450E-01 2.2457E-01 2.3569E-01 2.4425E-01 2.5805E-01 2.7079E-01 2.8140E-01 2.9706E-01 3.1264E-01 3.3232E-01 3.4625E-01 3.6282E-01 3.8428E-01 3.9488E-01 4.1892E-01 4.3945E-01 4.6751E-01 5.0337E-01 5.3376E-01 5.5863E-01 5.8052E-01 6.2989E-01 6.7621E-01 7.2073E-01 7.6753E-01 8.0358E-01 8.4406E-01 9.0315E-01 9.4423E-01 1.0009E+00 1.0683E+00 1.1609E+00 1.2171E+00 1.3051E+00 1.4102E+00 1.4591E+00 1.5229E+00 1.5640E+00 1.6009E+00 1.6343E+00 1.6667E+00 1.7089E+00 1.7255E+00 1.6944E+00 1.6633E+00 1.5899E+00 1.5141E+00 1.4114E+00 1.2982E+00 1.2074E+00 1.0918E+00 1.0538E+00 9.6386E-01 9.1565E-01 8.3790E-01
1.8447E-01 1.9140E-01 2.0259E-01 2.1267E-01 2.2423E-01 2.3585E-01 2.4684E-01 2.6030E-01 2.7373E-01 2.8849E-01 3.0341E-01 3.1603E-01 3.3177E-01 3.4928E-01 3.6624E-01 3.8849E-01 4.1144E-01 4.3279E-01 4.4796E-01 4.7066E-01 4.9875E-01 5.3658E-01 5.7338E-01 6.0277E-01 6.3752E-01 6.8698E-01 7.5040E-01 7.9037E-01 8.5379E-01 8.9086E-01 9.4502E-01 1.0042E+00 1.0670E+00 1.1398E+00 1.2445E+00 1.3298E+00 1.4027E+00 1.5136E+00 1.5975E+00 1.6669E+00 1.7366E+00 1.7736E+00 1.8356E+00 1.8494E+00 1.8685E+00 1.8887E+00 1.8455E+00 1.7940E+00 1.7467E+00 1.6070E+00 1.4455E+00 1.3395E+00 1.2165E+00 1.1817E+00 1.1123E+00 1.0366E+00 9.1411E-01
1.7550E-01 1.8436E-01 1.9450E-01 2.0359E-01 2.1682E-01 2.2683E-01 2.3792E-01 2.5147E-01 2.6366E-01 2.7995E-01 2.9194E-01 3.0060E-01 3.1673E-01 3.3942E-01 3.5257E-01 3.7132E-01 3.8713E-01 4.0822E-01 4.3533E-01 4.6299E-01 4.8655E-01 5.1096E-01 5.4283E-01 5.7330E-01 6.0957E-01 6.5869E-01 7.1120E-01 7.6009E-01 8.1835E-01 8.7586E-01 9.3709E-01 9.9706E-01 1.0580E+00 1.1557E+00 1.2277E+00 1.3272E+00 1.4405E+00 1.5040E+00 1.6215E+00 1.7489E+00 1.8340E+00 1.9195E+00 1.9495E+00 2.0342E+00 2.0761E+00 2.0803E+00 2.1140E+00 2.0141E+00 1.9760E+00 1.8120E+00 1.6577E+00 1.5402E+00 1.3774E+00 1.3590E+00 1.2559E+00 1.1472E+00 9.3839E-01
1.7171E-01 1.8045E-01 1.9102E-01 1.9939E-01 2.0990E-01 2.1938E-01 2.3026E-01 2.4090E-01 2.5304E-01 2.6404E-01 2.8194E-01 2.9555E-01 3.1183E-01 3.2493E-01 3.3750E-01 3.5509E-01 3.7543E-01 3.9627E-01 4.1608E-01 4.3598E-01 4.6268E-01 4.9466E-01 5.2047E-01 5.5529E-01 5.9248E-01 6.3292E-01 6.7556E-01 7.2563E-01 7.8716E-01 8.4449E-01 9.1172E-01 9.7424E-01 1.0531E+00 1.1478E+00 1.2322E+00 1.3258E+00 1.4315E+00 1.5407E+00 1.6792E+00 1.7829E+00 1.9335E+00 2.0434E+00 2.1152E+00 2.1719E+00 2.2391E+00 2.3283E+00 2.3494E+00 2.3412E+00 2.2392E+00 2.1362E+00 1.8887E+00 1.7087E+00 1.5581E+00 1.5056E+00 1.4184E+00 1.2679E+00 1.0024E+00
1.6472E-01 1.7252E-01 1.8226E-01 1.9210E-01 2.0361E-01 2.1796E-01 2.2775E-01 2.3650E-01 2.4492E-01 2.5926E-01 2.7366E-01 2.8513E-01 3.0141E-01 3.1622E-01 3.2999E-01 3.4013E-01 3.5930E-01 3.7418E-01 3.9690E-01 4.1989E-01 4.4089E-01 4.6132E-01 4.8855E-01 5.3186E-01 5.6509E-01 6.0428E-01 6.3962E-01 6.9524E-01 7.5609E-01 8.1379E-01 8.7940E-01 9.4704E-01 1.0194E+00 1.1006E+00 1.2108E+00 1.3262E+00 1.4582E+00 1.5847E+00 1.7004E+00 1.8453E+00 1.9971E+00 2.1352E+00 2.2347E+00 2.3105E+00 2.4881E+00 2.6582E+00 2.6392E+00 2.6273E+00 2.5033E+00 2.3500E+00 2.0754E+00 1.9815E+00 1.7524E+00 1.7078E+00 1.5465E+00 1.3253E+00 1.0786E+00
1.5644E-01 1.6319E-01 1.7372E-01 1.8351E-01 1.9257E-01 2.0124E-01 2.1189E-01 2.2294E-01 2.3374E-01 2.4575E-01 2.5637E-01 2.7035E-01 2.8401E-01 3.0068E-01 3.1644E-01 3.3247E-01 3.4596E-01 3.6030E-01 3.7865E-01 3.9530E-01 4.1737E-01 4.3698E-01 4.6755E-01 4.8928E-01 5.2340E-01 5.6117E-01 5.9739E-01 6.4232E-01 7.0381E-01 7.4934E-01 8.1442E-01 8.8515E-01 9.8583E-01 1.0778E+00 1.1791E+00 1.2984E+00 1.4014E+00 1.5754E+00 1.7298E+00 1.8862E+00 2.0250E+00 2.1784E+00 2.3426E+00 2.5141E+00 2.7072E+00 2.8767E+00 2.9668E+00 2.9248E+00 2.8271E+00 2.5958E+00 2.3371E+00 2.1453E+00 1.9883E+00 1.7781E+00 1.6312E+00 1.3576E+00 1.1879E+00
1.4954E-01 1.5676E-01 1.6335E-01 1.7153E-01 1.8168E-01 1.8943E-01 1.9672E-01 2.0969E-01 2.1969E-01 2.3149E-01 2.4516E-01 2.5820E-01 2.7071E-01 2.7993E-01 2.9550E-01 3.0776E-01 3.2232E-01 3.4490E-01 3.6688E-01 3.7994E-01 4.0150E-01 4.2140E-01 4.4695E-01 4.7597E-01 4.9861E-01 5.3046E-01 5.7124E-01 6.1629E-01 6.5914E-01 7.1451E-01 7.8044E-01 8.5496E-01 9.2284E-01 1.0124E+00 1.1216E+00 1.2375E+00 1.3795E+00 1.5294E+00 1.7141E+00 1.9013E+00 2.0674E+00 2.2362E+00 2.4641E+00 2.7063E+00 2.9249E+00 3.1277E+00 3.2024E+00 3.2106E+00 3.1529E+00 2.9172E+00 2.6857E+00 2.3836E+00 2.2289E+00 1.9934E+00 1.6731E+00 1.4240E+00 1.2748E+00
1.4320E-01 1.5171E-01 1.5777E-01 1.6570E-01 1.7343E-01 1.8442E-01 1.9432E-01 2.0257E-01 2.1302E-01 2.2362E-01 2.3187E-01 2.4261E-01 2.5453E-01 2.6652E-01 2.7863E-01 2.9122E-01 3.0718E-01 3.2555E-01 3.4418E-01 3.6160E-01 3.7762E-01 4.0003E-01 4.2359E-01 4.4821E-01 4.7751E-01 5.0479E-01 5.3799E-01 5.7742E-01 6.2362E-01 6.7960E-01 7.3564E-01 8.1025E-01 8.8696E-01 9.8428E-01 1.0900E+00 1.1970E+00 1.3477E+00 1.5105E+00 1.6937E+00 1.8621E+00 2.0737E+00 2.2788E+00 2.5481E+00 2.8552E+00 3.1022E+00 3.2636E+00 3.3737E+00 3.4829E+00 3.5284E+00 3.3828E+00 3.0044E+00 2.6916E+00 2.3862E+00 2.0770E+00 1.8329E+00 1.4947E+00 1.4078E+00
1.3979E-01 1.4581E-01 1.5090E-01 1.5579E-01 1.6515E-01 1.7313E-01 1.8344E-01 1.8937E-01 1.9692E-01 2.0617E-01 2.1759E-01 2.2592E-01 2.3880E-01 2.5319E-01 2.6647E-01 2.7940E-01 2.9961E-01 3.1128E-01 3.3226E-01 3.4759E-01 3.6672E-01 3.8742E-01 4.0883E-01 4.3636E-01 4.5753E-01 4.8278E-01 5.1936E-01 5.5466E-01 5.9941E-01 6.4457E-01 6.9303E-01 7.5548E-01 8.3615E-01 9.2640E-01 1.0113E+00 1.1275E+00 1.2849E+00 1.4502E+00 1.6441E+00 1.8227E+00 2.0411E+00 2.3329E+00 2.6257E+00 2.9059E+00 3.2037E+00 3.4316E+00 3.6371E+00 3.7816E+00 3.7759E+00 3.6730E+00 3.2819E+00 2.9456E+00 2.4719E+00 2.0720E+00 1.8103E+00 1.5712E+00 1.5576E+00
1.3308E-01 1.3977E-01 1.4727E-01 1.5252E-01 1.5796E-01 1.6664E-01 1.7482E-01 1.8194E-01 1.9007E-01 1.9686E-01 2.0382E-01 2.1384E-01 2.2562E-01 2.3515E-01 2.4682E-01 2.6174E-01 2.7406E-01 2.8615E-01 3.0264E-01 3.1893E-01 3.3328E-01 3.5518E-01 3.7689E-01 4.0129E-01 4.3136E-01 4.5729E-01 4.9307E-01 5.2832E-01 5.6843E-01 6.0910E-01 6.6575E-01 7.2815E-01 7.8528E-01 8.6634E-01 9.5274E-01 1.0744E+00 1.2075E+00 1.3607E+00 1.5286E+00 1.7250E+00 1.9950E+00 2.3178E+00 2.6361E+00 2.9656E+00 3.1993E+00 3.5260E+00 3.8805E+00 4.0698E+00 4.0672E+00 3.8978E+00 3.5551E+00 3.2925E+00 2.6269E+00 2.2677E+00 2.0349E+00 1.7409E+00 1.6452E+00
