inst/extdata/rank(176)_odor_1hr_conc.grd
DSAA
         101         101
     737.625     742.625
    5081.125    5086.125
  0.2757E-01  0.1301E+03
[rows 0 to 24 of 101, columns 0 to 56 of 101]
2.0803E-01 2.1737E-01 2.2849E-01 2.3461E-01 2.3937E-01 2.4810E-01 2.5437E-01 2.6494E-01 2.7211E-01 2.7614E-01 2.8339E-01 2.8873E-01 2.9385E-01 2.9882E-01 3.0277E-01 3.0466E-01 3.1152E-01 3.1179E-01 3.1770E-01 3.1779E-01 3.2165E-01 3.2804E-01 3.3154E-01 3.3500E-01 3.4006E-01 3.3937E-01 3.3874E-01 3.3842E-01 3.4006E-01 3.4364E-01 3.3913E-01 3.4878E-01 3.5157E-01 3.5797E-01 3.5692E-01 3.5701E-01 3.6103E-01 3.6228E-01 3.6408E-01 3.6299E-01 3.6276E-01 3.5835E-01 3.5571E-01 3.5351E-01 3.5235E-01 3.5155E-01 3.5494E-01 3.5547E-01 3.5433E-01 3.5487E-01 3.5767E-01 3.5363E-01 3.5347E-01 3.5546E-01 3.5574E-01 3.5656E-01 3.5543E-01
2.1646E-01 2.2777E-01 2.3709E-01 2.4688E-01 2.5287E-01 2.6059E-01 2.6756E-01 2.7604E-01 2.8454E-01 2.9173E-01 2.9859E-01 3.0372E-01 3.1122E-01 3.1501E-01 3.1815E-01 3.2100E-01 3.2744E-01 3.3016E-01 3.3379E-01 3.3523E-01 3.3614E-01 3.4659E-01 3.4991E-01 3.5435E-01 3.5975E-01 3.6030E-01 3.6089E-01 3.6047E-01 3.6284E-01 3.6890E-01 3.6581E-01 3.7328E-01 3.7775E-01 3.8304E-01 3.8250E-01 3.8668E-01 3.8681E-01 3.8926E-01 3.9278E-01 3.9070E-01 3.9135E-01 3.8683E-01 3.8436E-01 3.8206E-01 3.8012E-01 3.7801E-01 3.8192E-01 3.8198E-01 3.8058E-01 3.8067E-01 3.8348E-01 3.7887E-01 3.7933E-01 3.8155E-01 3.8396E-01 3.8191E-01 3.8188E-01
2.2367E-01 2.3624E-01 2.4505E-01 2.5678E-01 2.6515E-01 2.7268E-01 2.8106E-01 2.8770E-01 2.9912E-01 3.0464E-01 3.1162E-01 3.2010E-01 3.2550E-01 3.3080E-01 3.3598E-01 3.3705E-01 3.4209E-01 3.5264E-01 3.5313E-01 3.5520E-01 3.5454E-01 3.6289E-01 3.6958E-01 3.7360E-01 3.7922E-01 3.8320E-01 3.8286E-01 3.8251E-01 3.8600E-01 3.9306E-01 3.9261E-01 3.9933E-01 4.0516E-01 4.0893E-01 4.1078E-01 4.1460E-01 4.1340E-01 4.1877E-01 4.2283E-01 4.2247E-01 4.2214E-01 4.1834E-01 4.1361E-01 4.1218E-01 4.0791E-01 4.0484E-01 4.1056E-01 4.1067E-01 4.0700E-01 4.0593E-01 4.0986E-01 4.0453E-01 4.0645E-01 4.1245E-01 4.1266E-01 4.0964E-01 4.1113E-01
2.3290E-01 2.4322E-01 2.5434E-01 2.6565E-01 2.7521E-01 2.8424E-01 2.9197E-01 3.0146E-01 3.0839E-01 3.1917E-01 3.2439E-01 3.3233E-01 3.3984E-01 3.4936E-01 3.4952E-01 3.5552E-01 3.5818E-01 3.6228E-01 3.6917E-01 3.7550E-01 3.6789E-01 3.7867E-01 3.8724E-01 3.9211E-01 3.9905E-01 4.0511E-01 4.0620E-01 4.0752E-01 4.1032E-01 4.1760E-01 4.2017E-01 4.2400E-01 4.3040E-01 4.3621E-01 4.4090E-01 4.4079E-01 4.4393E-01 4.4814E-01 4.4715E-01 4.5174E-01 4.5077E-01 4.4630E-01 4.4520E-01 4.4184E-01 4.3663E-01 4.3308E-01 4.3859E-01 4.3975E-01 4.3432E-01 4.3406E-01 4.3548E-01 4.3204E-01 4.3367E-01 4.3921E-01 4.4016E-01 4.3696E-01 4.4051E-01
2.4095E-01 2.5220E-01 2.6170E-01 2.7428E-01 2.8426E-01 2.9418E-01 3.0293E-01 3.1114E-01 3.1754E-01 3.2960E-01 3.4045E-01 3.4539E-01 3.5449E-01 3.6314E-01 3.6889E-01 3.7289E-01 3.7744E-01 3.8100E-01 3.8873E-01 3.9431E-01 3.9163E-01 3.9337E-01 4.0554E-01 4.1206E-01 4.1999E-01 4.2500E-01 4.2717E-01 4.3009E-01 4.3513E-01 4.4204E-01 4.4856E-01 4.5153E-01 4.5700E-01 4.6293E-01 4.7161E-01 4.7178E-01 4.7303E-01 4.7794E-01 4.7430E-01 4.8055E-01 4.7895E-01 4.7812E-01 4.7475E-01 4.7103E-01 4.6557E-01 4.6157E-01 4.6647E-01 4.6913E-01 4.6227E-01 4.6201E-01 4.6059E-01 4.5752E-01 4.6170E-01 4.6947E-01 4.7106E-01 4.6726E-01 4.7098E-01
2.4772E-01 2.6006E-01 2.7157E-01 2.8214E-01 2.9308E-01 3.0229E-01 3.1107E-01 3.2215E-01 3.3142E-01 3.4148E-01 3.5172E-01 3.5904E-01 3.6681E-01 3.7535E-01 3.8564E-01 3.8982E-01 3.9519E-01 4.0266E-01 3.9969E-01 4.0847E-01 4.1257E-01 4.1148E-01 4.2223E-01 4.2848E-01 4.3756E-01 4.4376E-01 4.5010E-01 4.5270E-01 4.5872E-01 4.6409E-01 4.7415E-01 4.7911E-01 4.8399E-01 4.9283E-01 4.9847E-01 5.0162E-01 5.0264E-01 5.0297E-01 5.0479E-01 5.0667E-01 5.1133E-01 5.0878E-01 5.0491E-01 5.0116E-01 4.9791E-01 4.9208E-01 4.9637E-01 4.9846E-01 4.9047E-01 4.8784E-01 4.8627E-01 4.8565E-01 4.8869E-01 4.9755E-01 5.0080E-01 4.9682E-01 4.9956E-01
2.5004E-01 2.6539E-01 2.7671E-01 2.9025E-01 3.0027E-01 3.1361E-01 3.2157E-01 3.2941E-01 3.4064E-01 3.5303E-01 3.5784E-01 3.7014E-01 3.7841E-01 3.9011E-01 3.9600E-01 4.0347E-01 4.1144E-01 4.2063E-01 4.1974E-01 4.2509E-01 4.2998E-01 4.3491E-01 4.3819E-01 4.4626E-01 4.5486E-01 4.6739E-01 4.7324E-01 4.7747E-01 4.8386E-01 4.8920E-01 4.9785E-01 5.0258E-01 5.0710E-01 5.2072E-01 5.2421E-01 5.2816E-01 5.3340E-01 5.2995E-01 5.2923E-01 5.3366E-01 5.3579E-01 5.3835E-01 5.3147E-01 5.2613E-01 5.2760E-01 5.2029E-01 5.2255E-01 5.2494E-01 5.1481E-01 5.1271E-01 5.0993E-01 5.1126E-01 5.1639E-01 5.2581E-01 5.2654E-01 5.2356E-01 5.2718E-01
2.5084E-01 2.6506E-01 2.8060E-01 2.9588E-01 3.0979E-01 3.2215E-01 3.2910E-01 3.4055E-01 3.4994E-01 3.6020E-01 3.7132E-01 3.7756E-01 3.9241E-01 4.0097E-01 4.1003E-01 4.1790E-01 4.2728E-01 4.3383E-01 4.4089E-01 4.4321E-01 4.5073E-01 4.5291E-01 4.5696E-01 4.6630E-01 4.7591E-01 4.8244E-01 4.9614E-01 4.9893E-01 5.1111E-01 5.1222E-01 5.2218E-01 5.2717E-01 5.3251E-01 5.4403E-01 5.5249E-01 5.5426E-01 5.5761E-01 5.5547E-01 5.5630E-01 5.5655E-01 5.6089E-01 5.6619E-01 5.5911E-01 5.5490E-01 5.5642E-01 5.4590E-01 5.4870E-01 5.5169E-01 5.4140E-01 5.3661E-01 5.3635E-01 5.3838E-01 5.4218E-01 5.5059E-01 5.5244E-01 5.5236E-01 5.5328E-01
2.6117E-01 2.6983E-01 2.8635E-01 2.9972E-01 3.1314E-01 3.2930E-01 3.4234E-01 3.4766E-01 3.5695E-01 3.6704E-01 3.8016E-01 3.8838E-01 4.0599E-01 4.1443E-01 4.2221E-01 4.3235E-01 4.4101E-01 4.5127E-01 4.5375E-01 4.6266E-01 4.7063E-01 4.7621E-01 4.7638E-01 4.8263E-01 4.9184E-01 5.0184E-01 5.1224E-01 5.2182E-01 5.2817E-01 5.3653E-01 5.4529E-01 5.5419E-01 5.5800E-01 5.6637E-01 5.7602E-01 5.8342E-01 5.8140E-01 5.8238E-01 5.8533E-01 5.8153E-01 5.8999E-01 5.9066E-01 5.8418E-01 5.8005E-01 5.8400E-01 5.7143E-01 5.7411E-01 5.7743E-01 5.6720E-01 5.6238E-01 5.6095E-01 5.6424E-01 5.6845E-01 5.7583E-01 5.7935E-01 5.8022E-01 5.8100E-01
2.6439E-01 2.7755E-01 2.8913E-01 3.0351E-01 3.1688E-01 3.3338E-01 3.4785E-01 3.6125E-01 3.6631E-01 3.7314E-01 3.8647E-01 3.9811E-01 4.1134E-01 4.2747E-01 4.3439E-01 4.4361E-01 4.5300E-01 4.6422E-01 4.7325E-01 4.8388E-01 4.8998E-01 4.9424E-01 4.9630E-01 5.0580E-01 5.1134E-01 5.2354E-01 5.2824E-01 5.4491E-01 5.4969E-01 5.5920E-01 5.6718E-01 5.8063E-01 5.8351E-01 5.9128E-01 6.0189E-01 6.1050E-01 6.1131E-01 6.1115E-01 6.0933E-01 6.0805E-01 6.1425E-01 6.1415E-01 6.1172E-01 6.0613E-01 6.0557E-01 5.9914E-01 6.0201E-01 5.9982E-01 5.9314E-01 5.8654E-01 5.8786E-01 5.8989E-01 5.9605E-01 6.0201E-01 6.0502E-01 6.0799E-01 6.0983E-01
2.6552E-01 2.7833E-01 2.9441E-01 3.0840E-01 3.2065E-01 3.3797E-01 3.5332E-01 3.6760E-01 3.8156E-01 3.8344E-01 3.9408E-01 4.0698E-01 4.1954E-01 4.3557E-01 4.4736E-01 4.5754E-01 4.6792E-01 4.8130E-01 4.8845E-01 4.9978E-01 5.1018E-01 5.1693E-01 5.2585E-01 5.2920E-01 5.3538E-01 5.4330E-01 5.5599E-01 5.6347E-01 5.7636E-01 5.8152E-01 5.8988E-01 6.0596E-01 6.1104E-01 6.2049E-01 6.2473E-01 6.3452E-01 6.3925E-01 6.4018E-01 6.3827E-01 6.3610E-01 6.3675E-01 6.4548E-01 6.4015E-01 6.3262E-01 6.3108E-01 6.2939E-01 6.2674E-01 6.2722E-01 6.1943E-01 6.1061E-01 6.1277E-01 6.1690E-01 6.2323E-01 6.2777E-01 6.3229E-01 6.3392E-01 6.3905E-01
2.6801E-01 2.8374E-01 2.9936E-01 3.1256E-01 3.2746E-01 3.4132E-01 3.5794E-01 3.7364E-01 3.8849E-01 4.0234E-01 4.0591E-01 4.1718E-01 4.2683E-01 4.4288E-01 4.6183E-01 4.7062E-01 4.8327E-01 4.9263E-01 5.0854E-01 5.1958E-01 5.2868E-01 5.3937E-01 5.4380E-01 5.5183E-01 5.5767E-01 5.6518E-01 5.7247E-01 5.8437E-01 5.9660E-01 6.0669E-01 6.1474E-01 6.2565E-01 6.3414E-01 6.4471E-01 6.5189E-01 6.5931E-01 6.6366E-01 6.6454E-01 6.6460E-01 6.6468E-01 6.6432E-01 6.7103E-01 6.6664E-01 6.6128E-01 6.5679E-01 6.5515E-01 6.5551E-01 6.5429E-01 6.4586E-01 6.3856E-01 6.4058E-01 6.4443E-01 6.5062E-01 6.5425E-01 6.5910E-01 6.6155E-01 6.6604E-01
2.6894E-01 2.8493E-01 3.0081E-01 3.1744E-01 3.3239E-01 3.4791E-01 3.6057E-01 3.7652E-01 3.9329E-01 4.0796E-01 4.2213E-01 4.2969E-01 4.3986E-01 4.5253E-01 4.7037E-01 4.8966E-01 4.9777E-01 5.0900E-01 5.2012E-01 5.3232E-01 5.4514E-01 5.5778E-01 5.6322E-01 5.7321E-01 5.7642E-01 5.8563E-01 5.9664E-01 6.0959E-01 6.1912E-01 6.3215E-01 6.3966E-01 6.5171E-01 6.6064E-01 6.6712E-01 6.7378E-01 6.7714E-01 6.8881E-01 6.8821E-01 6.9060E-01 6.8905E-01 6.9326E-01 6.9480E-01 6.9238E-01 6.8651E-01 6.8103E-01 6.8582E-01 6.8118E-01 6.7931E-01 6.7531E-01 6.6703E-01 6.7111E-01 6.7197E-01 6.7740E-01 6.8171E-01 6.8354E-01 6.8763E-01 6.9625E-01
2.7245E-01 2.8621E-01 3.0304E-01 3.1953E-01 3.4034E-01 3.5787E-01 3.7158E-01 3.8369E-01 4.0059E-01 4.1691E-01 4.2956E-01 4.4205E-01 4.5557E-01 4.6235E-01 4.7913E-01 4.9941E-01 5.1555E-01 5.2434E-01 5.3623E-01 5.4885E-01 5.6205E-01 5.6992E-01 5.8545E-01 5.9255E-01 5.9852E-01 6.0682E-01 6.2031E-01 6.2788E-01 6.4391E-01 6.5391E-01 6.6584E-01 6.7563E-01 6.8689E-01 6.9087E-01 6.9995E-01 7.0133E-01 7.1520E-01 7.1755E-01 7.2129E-01 7.1460E-01 7.2009E-01 7.2366E-01 7.1951E-01 7.1689E-01 7.1226E-01 7.0974E-01 7.0652E-01 7.0272E-01 7.0505E-01 6.9759E-01 6.9754E-01 6.9938E-01 7.0767E-01 7.1222E-01 7.1272E-01 7.1942E-01 7.2506E-01
2.7402E-01 2.9062E-01 3.0748E-01 3.2262E-01 3.3924E-01 3.5863E-01 3.7802E-01 3.9601E-01 4.0617E-01 4.2182E-01 4.3778E-01 4.5432E-01 4.6481E-01 4.7789E-01 4.8732E-01 5.0558E-01 5.2617E-01 5.4126E-01 5.5202E-01 5.6606E-01 5.7886E-01 5.9164E-01 6.0180E-01 6.1745E-01 6.2262E-01 6.2816E-01 6.4472E-01 6.4872E-01 6.6219E-01 6.7820E-01 6.9085E-01 7.0039E-01 7.1391E-01 7.1606E-01 7.2650E-01 7.2572E-01 7.3550E-01 7.4392E-01 7.4700E-01 7.4371E-01 7.4726E-01 7.4840E-01 7.4493E-01 7.4839E-01 7.3695E-01 7.3580E-01 7.3619E-01 7.3459E-01 7.3337E-01 7.2915E-01 7.2792E-01 7.3188E-01 7.3538E-01 7.4078E-01 7.3843E-01 7.4773E-01 7.5549E-01
2.7720E-01 2.9433E-01 3.1039E-01 3.2838E-01 3.4599E-01 3.6037E-01 3.7909E-01 3.9813E-01 4.1886E-01 4.3110E-01 4.4094E-01 4.5803E-01 4.7654E-01 4.8875E-01 5.0124E-01 5.1855E-01 5.3629E-01 5.5262E-01 5.7150E-01 5.8409E-01 5.9637E-01 6.0689E-01 6.1986E-01 6.3598E-01 6.4916E-01 6.5151E-01 6.5995E-01 6.7975E-01 6.7840E-01 7.0300E-01 7.1932E-01 7.2687E-01 7.3723E-01 7.4951E-01 7.4676E-01 7.5027E-01 7.5257E-01 7.6750E-01 7.6800E-01 7.7346E-01 7.7159E-01 7.7776E-01 7.7566E-01 7.7084E-01 7.6686E-01 7.6139E-01 7.6171E-01 7.6567E-01 7.6359E-01 7.5952E-01 7.5850E-01 7.6554E-01 7.6223E-01 7.6904E-01 7.6838E-01 7.7293E-01 7.8590E-01
2.8332E-01 3.0001E-01 3.1537E-01 3.3177E-01 3.5083E-01 3.6672E-01 3.8510E-01 4.0442E-01 4.1908E-01 4.3570E-01 4.5467E-01 4.6787E-01 4.8600E-01 4.9959E-01 5.1477E-01 5.3069E-01 5.4827E-01 5.6194E-01 5.8101E-01 5.9752E-01 6.1596E-01 6.2717E-01 6.3864E-01 6.4869E-01 6.6657E-01 6.7791E-01 6.8300E-01 7.0293E-01 7.0740E-01 7.2009E-01 7.4159E-01 7.5121E-01 7.6699E-01 7.7635E-01 7.7754E-01 7.8264E-01 7.8334E-01 8.0050E-01 8.0905E-01 8.0847E-01 8.0984E-01 8.1162E-01 8.1882E-01 8.0341E-01 8.0587E-01 7.9716E-01 7.9754E-01 7.9464E-01 7.9485E-01 7.9236E-01 7.9256E-01 7.9484E-01 7.9472E-01 7.9819E-01 7.9786E-01 8.0798E-01 8.2040E-01
2.8791E-01 3.0442E-01 3.2209E-01 3.3688E-01 3.5377E-01 3.6921E-01 3.8894E-01 4.0364E-01 4.2392E-01 4.4082E-01 4.5839E-01 4.7520E-01 4.9305E-01 5.1106E-01 5.2818E-01 5.3941E-01 5.5646E-01 5.7975E-01 5.9721E-01 6.1627E-01 6.3186E-01 6.5008E-01 6.6307E-01 6.7075E-01 6.8502E-01 7.0326E-01 7.0934E-01 7.1916E-01 7.3910E-01 7.3617E-01 7.6782E-01 7.7805E-01 7.8940E-01 8.0716E-01 8.1587E-01 8.1247E-01 8.2380E-01 8.2553E-01 8.4513E-01 8.4452E-01 8.4788E-01 8.4433E-01 8.5151E-01 8.4111E-01 8.3987E-01 8.3602E-01 8.3583E-01 8.3132E-01 8.2518E-01 8.2433E-01 8.3046E-01 8.2714E-01 8.2767E-01 8.3360E-01 8.3800E-01 8.4579E-01 8.5825E-01
2.9449E-01 3.1109E-01 3.2404E-01 3.3902E-01 3.5659E-01 3.7188E-01 3.9108E-01 4.0795E-01 4.2870E-01 4.4689E-01 4.6317E-01 4.8555E-01 5.0249E-01 5.1797E-01 5.3731E-01 5.5510E-01 5.7236E-01 5.8908E-01 6.1453E-01 6.2855E-01 6.5047E-01 6.6813E-01 6.8289E-01 6.9955E-01 7.0702E-01 7.2367E-01 7.3793E-01 7.4243E-01 7.6324E-01 7.6525E-01 7.8268E-01 8.1116E-01 8.2074E-01 8.3551E-01 8.4691E-01 8.4763E-01 8.5554E-01 8.6500E-01 8.8375E-01 8.8266E-01 8.8712E-01 8.8405E-01 8.9099E-01 8.8534E-01 8.7971E-01 8.7607E-01 8.7125E-01 8.6619E-01 8.5660E-01 8.5445E-01 8.6292E-01 8.6389E-01 8.6565E-01 8.6932E-01 8.7639E-01 8.8630E-01 8.9507E-01
2.9510E-01 3.1220E-01 3.2927E-01 3.4769E-01 3.6469E-01 3.8184E-01 3.9647E-01 4.1343E-01 4.3169E-01 4.5256E-01 4.6895E-01 4.9141E-01 5.0913E-01 5.3015E-01 5.4877E-01 5.6634E-01 5.8481E-01 6.0461E-01 6.2351E-01 6.5169E-01 6.6670E-01 6.8395E-01 7.0279E-01 7.2364E-01 7.3644E-01 7.4617E-01 7.6840E-01 7.7193E-01 7.8322E-01 8.0067E-01 8.0835E-01 8.3447E-01 8.5113E-01 8.6322E-01 8.8534E-01 8.8720E-01 8.9244E-01 8.9980E-01 9.1111E-01 9.2522E-01 9.3050E-01 9.3035E-01 9.3378E-01 9.3163E-01 9.2290E-01 9.2016E-01 9.1113E-01 9.0565E-01 8.9112E-01 8.8783E-01 8.9605E-01 8.9991E-01 9.0455E-01 9.0902E-01 9.1628E-01 9.3002E-01 9.4107E-01
2.9674E-01 3.1566E-01 3.3763E-01 3.5165E-01 3.6788E-01 3.8828E-01 4.0288E-01 4.2123E-01 4.3817E-01 4.5624E-01 4.7384E-01 4.9697E-01 5.1594E-01 5.3531E-01 5.5820E-01 5.7926E-01 5.9745E-01 6.1988E-01 6.3821E-01 6.6046E-01 6.9040E-01 7.0425E-01 7.2271E-01 7.3979E-01 7.5693E-01 7.7240E-01 7.9147E-01 8.1082E-01 8.0873E-01 8.2319E-01 8.3832E-01 8.5716E-01 8.8531E-01 8.9174E-01 9.1147E-01 9.2780E-01 9.2658E-01 9.4001E-01 9.5360E-01 9.6883E-01 9.7149E-01 9.8516E-01 9.8102E-01 9.8156E-01 9.6758E-01 9.6424E-01 9.5030E-01 9.4971E-01 9.2915E-01 9.2690E-01 9.3199E-01 9.3589E-01 9.4424E-01 9.5457E-01 9.5820E-01 9.7333E-01 9.8646E-01
2.9798E-01 3.1364E-01 3.3437E-01 3.5219E-01 3.7227E-01 3.9003E-01 4.0791E-01 4.2633E-01 4.4944E-01 4.6776E-01 4.8257E-01 5.0138E-01 5.2405E-01 5.4419E-01 5.6430E-01 5.8730E-01 6.1308E-01 6.3125E-01 6.5286E-01 6.7765E-01 6.9623E-01 7.2561E-01 7.4302E-01 7.6523E-01 7.8246E-01 8.0043E-01 8.1796E-01 8.3673E-01 8.4918E-01 8.6132E-01 8.7847E-01 8.9871E-01 9.1823E-01 9.3849E-01 9.4818E-01 9.6805E-01 9.7656E-01 9.8777E-01 9.9969E-01 1.0193E+00 1.0241E+00 1.0411E+00 1.0403E+00 1.0367E+00 1.0270E+00 1.0209E+00 1.0115E+00 9.9749E-01 9.8122E-01 9.8352E-01 9.8334E-01 9.8707E-01 9.9950E-01 1.0154E+00 1.0157E+00 1.0350E+00 1.0480E+00
2.9678E-01 3.1519E-01 3.3249E-01 3.5452E-01 3.7386E-01 3.9218E-01 4.1407E-01 4.3475E-01 4.4987E-01 4.7558E-01 4.9646E-01 5.1013E-01 5.2659E-01 5.5013E-01 5.7668E-01 5.9665E-01 6.1629E-01 6.4858E-01 6.6420E-01 6.8968E-01 7.1415E-01 7.3585E-01 7.6875E-01 7.8866E-01 8.1334E-01 8.3299E-01 8.4853E-01 8.6555E-01 8.8448E-01 8.9689E-01 9.1544E-01 9.3656E-01 9.5566E-01 9.7993E-01 9.9073E-01 1.0135E+00 1.0347E+00 1.0378E+00 1.0518E+00 1.0636E+00 1.0795E+00 1.0903E+00 1.1004E+00 1.0954E+00 1.0896E+00 1.0788E+00 1.0699E+00 1.0489E+00 1.0336E+00 1.0396E+00 1.0422E+00 1.0428E+00 1.0528E+00 1.0722E+00 1.0812E+00 1.1008E+00 1.1154E+00
2.9756E-01 3.1766E-01 3.3478E-01 3.5291E-01 3.7504E-01 3.9611E-01 4.1486E-01 4.3722E-01 4.5732E-01 4.8290E-01 5.0156E-01 5.2404E-01 5.4165E-01 5.5781E-01 5.7923E-01 6.0972E-01 6.2924E-01 6.5115E-01 6.8345E-01 7.0491E-01 7.3013E-01 7.6012E-01 7.8703E-01 8.1447E-01 8.4148E-01 8.5566E-01 8.8019E-01 9.0002E-01 9.2014E-01 9.4059E-01 9.5479E-01 9.7759E-01 9.9934E-01 1.0210E+00 1.0418E+00 1.0520E+00 1.0802E+00 1.0915E+00 1.1008E+00 1.1119E+00 1.1436E+00 1.1388E+00 1.1637E+00 1.1612E+00 1.1573E+00 1.1406E+00 1.1330E+00 1.1079E+00 1.0891E+00 1.0945E+00 1.0985E+00 1.1013E+00 1.1158E+00 1.1399E+00 1.1516E+00 1.1765E+00 1.1836E+00
2.9837E-01 3.1721E-01 3.3599E-01 3.5573E-01 3.7553E-01 3.9405E-01 4.1423E-01 4.3969E-01 4.6147E-01 4.8517E-01 5.0527E-01 5.2962E-01 5.4769E-01 5.7205E-01 5.8211E-01 6.0466E-01 6.3653E-01 6.6123E-01 6.8645E-01 7.2265E-01 7.4880E-01 7.7571E-01 8.1159E-01 8.4816E-01 8.6716E-01 8.8649E-01 9.0320E-01 9.2401E-01 9.5330E-01 9.7056E-01 9.9674E-01 1.0192E+00 1.0440E+00 1.0553E+00 1.0852E+00 1.1097E+00 1.1261E+00 1.1443E+00 1.1546E+00 1.1762E+00 1.1917E+00 1.2080E+00 1.2181E+00 1.2350E+00 1.2189E+00 1.2083E+00 1.2072E+00 1.1714E+00 1.1483E+00 1.1502E+00 1.1608E+00 1.1639E+00 1.1785E+00 1.2062E+00 1.2261E+00 1.2440E+00 1.2524E+00
