inst/extdata/rank(1)_cd_1hr_conc_cd.grd
DSAA
          81          81
     760.250     764.250
    5036.750    5040.750
  0.1787E+00  0.8631E+01
[rows 0 to 24 of 81, columns 0 to 56 of 81]
2.0338E-01 2.0798E-01 2.1642E-01 2.1625E-01 2.6193E-01 3.0643E-01 3.4404E-01 3.6811E-01 3.7462E-01 3.6103E-01 3.2791E-01 2.8776E-01 3.0312E-01 3.0660E-01 2.9800E-01 3.3989E-01 3.7055E-01 3.8414E-01 3.7884E-01 3.5142E-01 3.3224E-01 3.3663E-01 3.7734E-01 4.0978E-01 4.1304E-01 4.2806E-01 4.4482E-01 4.5762E-01 4.6550E-01 4.6784E-01 4.6403E-01 4.5375E-01 4.5040E-01 4.6298E-01 4.7160E-01 4.7600E-01 5.0209E-01 5.2281E-01 5.3695E-01 5.4388E-01 5.4324E-01 5.3516E-01 5.1980E-01 4.9796E-01 4.7043E-01 4.3959E-01 4.2772E-01 4.3204E-01 4.6539E-01 4.6633E-01 4.4356E-01 4.6604E-01 4.8575E-01 5.0239E-01 5.1540E-01 5.2390E-01 5.2855E-01
2.2054E-01 2.0858E-01 2.1270E-01 2.2128E-01 2.3002E-01 2.7896E-01 3.2430E-01 3.6069E-01 3.8205E-01 3.8348E-01 3.6288E-01 3.2177E-01 3.0238E-01 3.1466E-01 3.1364E-01 3.2438E-01 3.6806E-01 3.9369E-01 3.9808E-01 3.8418E-01 3.4385E-01 3.3873E-01 3.7272E-01 4.1903E-01 4.3699E-01 4.3222E-01 4.5159E-01 4.6698E-01 4.7733E-01 4.8170E-01 4.7955E-01 4.7051E-01 4.5982E-01 4.7305E-01 4.8215E-01 4.8680E-01 5.1172E-01 5.3417E-01 5.4960E-01 5.5725E-01 5.5668E-01 5.4801E-01 5.3148E-01 5.0798E-01 4.7832E-01 4.6160E-01 4.4807E-01 4.4942E-01 4.8138E-01 4.7737E-01 4.6558E-01 4.8871E-01 5.0876E-01 5.2532E-01 5.3807E-01 5.4681E-01 5.5159E-01
2.4720E-01 2.2646E-01 2.1409E-01 2.1784E-01 2.2551E-01 2.4525E-01 2.9583E-01 3.4220E-01 3.7769E-01 3.9544E-01 3.9054E-01 3.6321E-01 3.1379E-01 3.1756E-01 3.2588E-01 3.1955E-01 3.5838E-01 3.9661E-01 4.1127E-01 4.1194E-01 3.8404E-01 3.4749E-01 3.6183E-01 4.2215E-01 4.5523E-01 4.5149E-01 4.5786E-01 4.7592E-01 4.8886E-01 4.9572E-01 4.9562E-01 4.8805E-01 4.7284E-01 4.8152E-01 4.9124E-01 4.9630E-01 5.2202E-01 5.4636E-01 5.6318E-01 5.7158E-01 5.7106E-01 5.6170E-01 5.4387E-01 5.1847E-01 4.9348E-01 4.8154E-01 4.6633E-01 4.6734E-01 4.9716E-01 4.8722E-01 4.8851E-01 5.1191E-01 5.3200E-01 5.4835E-01 5.6081E-01 5.6900E-01 5.7281E-01
2.8518E-01 2.5253E-01 2.3265E-01 2.1985E-01 2.2258E-01 2.3007E-01 2.6056E-01 3.1365E-01 3.6099E-01 3.9634E-01 4.0918E-01 3.9634E-01 3.5825E-01 3.1329E-01 3.3164E-01 3.3513E-01 3.4147E-01 3.9186E-01 4.2132E-01 4.3236E-01 4.2094E-01 3.7571E-01 3.5468E-01 4.1663E-01 4.6643E-01 4.7888E-01 4.6308E-01 4.8420E-01 5.0017E-01 5.0988E-01 5.1238E-01 5.0673E-01 4.9266E-01 4.8851E-01 4.9886E-01 5.0434E-01 5.3268E-01 5.5911E-01 5.7744E-01 5.8667E-01 5.8623E-01 5.7614E-01 5.5690E-01 5.2944E-01 5.1252E-01 4.9909E-01 4.8218E-01 4.8545E-01 5.1219E-01 4.9522E-01 5.1289E-01 5.3700E-01 5.5718E-01 5.7290E-01 5.8429E-01 5.9126E-01 5.9360E-01
3.1816E-01 2.9242E-01 2.5432E-01 2.3962E-01 2.2632E-01 2.2768E-01 2.3472E-01 2.7702E-01 3.3412E-01 3.8180E-01 4.1254E-01 4.1873E-01 3.9688E-01 3.4860E-01 3.3080E-01 3.4516E-01 3.4270E-01 3.7895E-01 4.1832E-01 4.4316E-01 4.5178E-01 4.2160E-01 3.6565E-01 4.0213E-01 4.6848E-01 4.9902E-01 4.8348E-01 4.9207E-01 5.1160E-01 5.2475E-01 5.2987E-01 5.2614E-01 5.1311E-01 4.9330E-01 5.0434E-01 5.1032E-01 5.4388E-01 5.7261E-01 5.9264E-01 6.0280E-01 6.0246E-01 5.9159E-01 5.7080E-01 5.4136E-01 5.3010E-01 5.1476E-01 4.9587E-01 4.9855E-01 5.2061E-01 5.0970E-01 5.3812E-01 5.6274E-01 5.8291E-01 5.9813E-01 6.0830E-01 6.1337E-01 6.1317E-01
3.4226E-01 3.2715E-01 2.9641E-01 2.5898E-01 2.4644E-01 2.3258E-01 2.3309E-01 2.3996E-01 2.9595E-01 3.5364E-01 4.0052E-01 4.2689E-01 4.2455E-01 3.9202E-01 3.3413E-01 3.4842E-01 3.5767E-01 3.5016E-01 4.0987E-01 4.4517E-01 4.7418E-01 4.6405E-01 4.1403E-01 3.8229E-01 4.5967E-01 5.0913E-01 5.1140E-01 4.9917E-01 5.2237E-01 5.3888E-01 5.4711E-01 5.4580E-01 5.3428E-01 5.1251E-01 5.0851E-01 5.1666E-01 5.5537E-01 5.8654E-01 6.0838E-01 6.1951E-01 6.1920E-01 6.0746E-01 5.9105E-01 5.5907E-01 5.4635E-01 5.2922E-01 5.0824E-01 5.1527E-01 5.3173E-01 5.3393E-01 5.6265E-01 5.8714E-01 6.0679E-01 6.2141E-01 6.3049E-01 6.3379E-01 6.3164E-01
3.5412E-01 3.5198E-01 3.3299E-01 3.0407E-01 2.6328E-01 2.5353E-01 2.3976E-01 2.3913E-01 2.5123E-01 3.1395E-01 3.7313E-01 4.1780E-01 4.3706E-01 4.2533E-01 3.8238E-01 3.4379E-01 3.6571E-01 3.6829E-01 3.9489E-01 4.4838E-01 4.8402E-01 4.9819E-01 4.6665E-01 3.9481E-01 4.3930E-01 5.0705E-01 5.2936E-01 5.0459E-01 5.3176E-01 5.5207E-01 5.6367E-01 5.6506E-01 5.5534E-01 5.3429E-01 5.1211E-01 5.2472E-01 5.6641E-01 6.0013E-01 6.2382E-01 6.3595E-01 6.3567E-01 6.2552E-01 6.1984E-01 5.7398E-01 5.5984E-01 5.4099E-01 5.1801E-01 5.3060E-01 5.4479E-01 5.5769E-01 5.8617E-01 6.1011E-01 6.2903E-01 6.4246E-01 6.5001E-01 6.5172E-01 6.4791E-01
3.5013E-01 3.6186E-01 3.5946E-01 3.4340E-01 3.1211E-01 2.6842E-01 2.6159E-01 2.4664E-01 2.4477E-01 2.6643E-01 3.3245E-01 3.9071E-01 4.3112E-01 4.4334E-01 4.2173E-01 3.6847E-01 3.6537E-01 3.8193E-01 3.7631E-01 4.3667E-01 4.7968E-01 5.2077E-01 5.1427E-01 4.5735E-01 4.1440E-01 4.9211E-01 5.3336E-01 5.2080E-01 5.3909E-01 5.6348E-01 5.7885E-01 5.8400E-01 5.7601E-01 5.5635E-01 5.2442E-01 5.3324E-01 5.7859E-01 6.1552E-01 6.4166E-01 6.5520E-01 6.5511E-01 6.5848E-01 6.5112E-01 5.8568E-01 5.6990E-01 5.4924E-01 5.2437E-01 5.4048E-01 5.8119E-01 5.8207E-01 6.1028E-01 6.3325E-01 6.5053E-01 6.6187E-01 6.6738E-01 6.6711E-01 6.6118E-01
3.3246E-01 3.5466E-01 3.7172E-01 3.7308E-01 3.5408E-01 3.1741E-01 2.7572E-01 2.6931E-01 2.5380E-01 2.5097E-01 2.8127E-01 3.4791E-01 4.0564E-01 4.4189E-01 4.4614E-01 4.1520E-01 3.5573E-01 3.8777E-01 3.9711E-01 4.1529E-01 4.8044E-01 5.2821E-01 5.5185E-01 5.1850E-01 4.3420E-01 4.6384E-01 5.2784E-01 5.4076E-01 5.4383E-01 5.7244E-01 5.9349E-01 6.0521E-01 5.9551E-01 5.7706E-01 5.4552E-01 5.5411E-01 5.9108E-01 6.3149E-01 6.6021E-01 6.7514E-01 6.7510E-01 6.9476E-01 6.8490E-01 5.9478E-01 5.7731E-01 5.5476E-01 5.3964E-01 5.5934E-01 6.1569E-01 6.0685E-01 6.3468E-01 6.5662E-01 6.7230E-01 6.8127E-01 6.8363E-01 6.7974E-01 6.7002E-01
3.0142E-01 3.3541E-01 3.6838E-01 3.8545E-01 3.8382E-01 3.6159E-01 3.2072E-01 2.8398E-01 2.7741E-01 2.6130E-01 2.5679E-01 2.9384E-01 3.6239E-01 4.1908E-01 4.5122E-01 4.4709E-01 4.0524E-01 3.8271E-01 4.0865E-01 4.0867E-01 4.6726E-01 5.1764E-01 5.7486E-01 5.7331E-01 5.0807E-01 4.4808E-01 5.1658E-01 5.5547E-01 5.4566E-01 5.7905E-01 6.2128E-01 6.4238E-01 6.1310E-01 5.9690E-01 5.6687E-01 5.8034E-01 6.0263E-01 6.4649E-01 6.7773E-01 6.9397E-01 6.9389E-01 7.3886E-01 7.2636E-01 6.0126E-01 5.8167E-01 5.6537E-01 5.6374E-01 6.0029E-01 6.4713E-01 6.3473E-01 6.5896E-01 6.7876E-01 6.9210E-01 6.9840E-01 6.9778E-01 6.9062E-01 6.7748E-01
3.0997E-01 3.0940E-01 3.4619E-01 3.7883E-01 3.9576E-01 3.9217E-01 3.6677E-01 3.1973E-01 2.9333E-01 2.8590E-01 2.6963E-01 2.6332E-01 3.0680E-01 3.7700E-01 4.3234E-01 4.5857E-01 4.4625E-01 3.9534E-01 4.0969E-01 4.2824E-01 4.3791E-01 5.1450E-01 5.7845E-01 6.1519E-01 5.7972E-01 4.7875E-01 4.9744E-01 5.6311E-01 5.6774E-01 5.8189E-01 6.4137E-01 6.7783E-01 6.5454E-01 6.1993E-01 5.9211E-01 6.0369E-01 6.3719E-01 6.6038E-01 6.9424E-01 7.1184E-01 7.1170E-01 7.8873E-01 7.7244E-01 6.3937E-01 5.8619E-01 5.8788E-01 5.9166E-01 6.4455E-01 6.8048E-01 6.7084E-01 6.8433E-01 7.0160E-01 7.1170E-01 7.1470E-01 7.1020E-01 6.9944E-01 6.8267E-01
3.1923E-01 3.2080E-01 3.2247E-01 3.5320E-01 3.8676E-01 4.0304E-01 3.9745E-01 3.6654E-01 3.2830E-01 3.0400E-01 2.9513E-01 2.7759E-01 2.7310E-01 3.1797E-01 3.8978E-01 4.4405E-01 4.6603E-01 4.4631E-01 3.9759E-01 4.3595E-01 4.4428E-01 4.9215E-01 5.5640E-01 6.3491E-01 6.4075E-01 5.6432E-01 4.8371E-01 5.5932E-01 5.9358E-01 5.8364E-01 6.4769E-01 7.0885E-01 7.1679E-01 6.4527E-01 6.1891E-01 6.3827E-01 6.8415E-01 6.9675E-01 7.2687E-01 7.3177E-01 7.3181E-01 8.4338E-01 8.2202E-01 6.7764E-01 6.0751E-01 6.0936E-01 6.4417E-01 7.0410E-01 7.1222E-01 6.8985E-01 7.1264E-01 7.2675E-01 7.3263E-01 7.3074E-01 7.2186E-01 7.0644E-01 6.8545E-01
3.2600E-01 3.3217E-01 3.3392E-01 3.3276E-01 3.5677E-01 3.9070E-01 4.0569E-01 3.9697E-01 3.7008E-01 3.3829E-01 3.1454E-01 3.0407E-01 2.8571E-01 2.8619E-01 3.2987E-01 4.0490E-01 4.6002E-01 4.7810E-01 4.5105E-01 4.3085E-01 4.6194E-01 4.5634E-01 5.4287E-01 6.2977E-01 6.8476E-01 6.4730E-01 5.2381E-01 5.4299E-01 6.0884E-01 5.9754E-01 6.4420E-01 7.3410E-01 7.7762E-01 6.6624E-01 6.4200E-01 6.7220E-01 7.2607E-01 7.5008E-01 7.8372E-01 7.5306E-01 7.5304E-01 8.9495E-01 8.6733E-01 7.0935E-01 6.3676E-01 6.3332E-01 6.9251E-01 7.7195E-01 7.3873E-01 7.1902E-01 7.3982E-01 7.5157E-01 7.5416E-01 7.4801E-01 7.3367E-01 7.1259E-01 6.8612E-01
3.3048E-01 3.3668E-01 3.4107E-01 3.4315E-01 3.4361E-01 3.5588E-01 3.8387E-01 4.0393E-01 4.0078E-01 3.7346E-01 3.4881E-01 3.2613E-01 3.1358E-01 2.9465E-01 3.1713E-01 3.6023E-01 4.2539E-01 4.8239E-01 4.9862E-01 4.6398E-01 4.6723E-01 4.8782E-01 5.0464E-01 5.9560E-01 7.0248E-01 7.1880E-01 6.2587E-01 5.5718E-01 6.0932E-01 6.3106E-01 6.4800E-01 7.5944E-01 8.2793E-01 7.3950E-01 6.6628E-01 6.9974E-01 7.6251E-01 8.0258E-01 8.4049E-01 7.7478E-01 7.9052E-01 9.4773E-01 9.1217E-01 7.4019E-01 6.8795E-01 6.6630E-01 7.4106E-01 8.3973E-01 7.5371E-01 7.4939E-01 7.6654E-01 7.7416E-01 7.7969E-01 7.6165E-01 7.4312E-01 7.1744E-01 6.8604E-01
3.2978E-01 3.3808E-01 3.4453E-01 3.4959E-01 3.5262E-01 3.5337E-01 3.5170E-01 3.8499E-01 4.0531E-01 4.0382E-01 3.7719E-01 3.6076E-01 3.3965E-01 3.2445E-01 3.0535E-01 3.5224E-01 3.8518E-01 4.5526E-01 5.1815E-01 5.3278E-01 4.8529E-01 5.0784E-01 5.1467E-01 5.6252E-01 6.8701E-01 7.6410E-01 7.2129E-01 5.8124E-01 5.9176E-01 6.4946E-01 6.3996E-01 7.6827E-01 8.6497E-01 8.0988E-01 6.9414E-01 7.2383E-01 8.0142E-01 8.5768E-01 9.0245E-01 7.9606E-01 8.2968E-01 9.9975E-01 9.5465E-01 7.6842E-01 7.3876E-01 6.9504E-01 7.8914E-01 9.0064E-01 7.6155E-01 7.8206E-01 7.9507E-01 8.2251E-01 8.0807E-01 7.7284E-01 7.4839E-01 7.1740E-01 6.8134E-01
3.2327E-01 3.3472E-01 3.4438E-01 3.5250E-01 3.5852E-01 3.6178E-01 3.6437E-01 3.6403E-01 3.8088E-01 4.0566E-01 4.0747E-01 3.8483E-01 3.7505E-01 3.5633E-01 3.3783E-01 3.2676E-01 3.6616E-01 3.9831E-01 5.0172E-01 5.7021E-01 5.7563E-01 5.1198E-01 5.5414E-01 5.4086E-01 6.3263E-01 7.7205E-01 7.9611E-01 6.8146E-01 6.3375E-01 6.4860E-01 6.4697E-01 7.5522E-01 8.8490E-01 8.7964E-01 7.3521E-01 7.5058E-01 8.4990E-01 9.1150E-01 9.6650E-01 8.2477E-01 8.6371E-01 1.0451E+00 9.8815E-01 7.8761E-01 7.8671E-01 7.4012E-01 8.6768E-01 9.4712E-01 7.9733E-01 8.1633E-01 8.2437E-01 8.8935E-01 8.1404E-01 7.8305E-01 7.5184E-01 7.1464E-01 6.7900E-01
3.5269E-01 3.2615E-01 3.3804E-01 3.4915E-01 3.5889E-01 3.6742E-01 3.7361E-01 3.7847E-01 3.7886E-01 3.7777E-01 4.0655E-01 4.1557E-01 3.9596E-01 3.9286E-01 3.7837E-01 3.5480E-01 3.6261E-01 4.0536E-01 4.4599E-01 5.6308E-01 6.3294E-01 6.2083E-01 5.7558E-01 6.0027E-01 5.7255E-01 7.3437E-01 8.3394E-01 7.8275E-01 6.5164E-01 6.5451E-01 6.6276E-01 7.4201E-01 8.7899E-01 9.3670E-01 8.3608E-01 7.8426E-01 8.8927E-01 9.6431E-01 1.0353E+00 8.5861E-01 8.9600E-01 1.0951E+00 1.0236E+00 8.0827E-01 8.3907E-01 7.9000E-01 9.6351E-01 9.7432E-01 8.3399E-01 8.5019E-01 8.7612E-01 9.3430E-01 8.2238E-01 7.9148E-01 7.5314E-01 7.1625E-01 7.0112E-01
3.8981E-01 3.7110E-01 3.4440E-01 3.4075E-01 3.5415E-01 3.6604E-01 3.7769E-01 3.8626E-01 3.9297E-01 3.9800E-01 3.9973E-01 4.1117E-01 4.2588E-01 4.2239E-01 4.1782E-01 4.1042E-01 3.8804E-01 4.0557E-01 4.4089E-01 5.0749E-01 6.3753E-01 6.9998E-01 6.5999E-01 6.4180E-01 6.3984E-01 6.5237E-01 8.2164E-01 8.5178E-01 7.1649E-01 6.8424E-01 6.6564E-01 7.2536E-01 8.7447E-01 9.8057E-01 8.9756E-01 8.3244E-01 9.3009E-01 1.0170E+00 1.1085E+00 9.1046E-01 9.4726E-01 1.1401E+00 1.0510E+00 8.4419E-01 8.9203E-01 8.4376E-01 1.0577E+00 9.8745E-01 8.7815E-01 8.8682E-01 9.6489E-01 9.4772E-01 8.3483E-01 7.9678E-01 7.5155E-01 7.6194E-01 7.0529E-01
4.1251E-01 4.0396E-01 3.8646E-01 3.6051E-01 3.4376E-01 3.6029E-01 3.7480E-01 3.8844E-01 4.0134E-01 4.1205E-01 4.2065E-01 4.2722E-01 4.3107E-01 4.5490E-01 4.6234E-01 4.5474E-01 4.5350E-01 4.3697E-01 4.5305E-01 4.5888E-01 5.8188E-01 7.1799E-01 7.6153E-01 6.8315E-01 7.0233E-01 6.6393E-01 7.5588E-01 8.7186E-01 8.2025E-01 7.0794E-01 7.1098E-01 6.9460E-01 8.4240E-01 1.0026E+00 9.4261E-01 9.2047E-01 9.6446E-01 1.0607E+00 1.1802E+00 9.7330E-01 1.0101E+00 1.1690E+00 1.0999E+00 9.0809E-01 9.3281E-01 8.9215E-01 1.1347E+00 9.6305E-01 9.2949E-01 9.3005E-01 1.0363E+00 9.2961E-01 8.4668E-01 7.9880E-01 7.9891E-01 7.7968E-01 7.2051E-01
4.1642E-01 4.1926E-01 4.1329E-01 3.9817E-01 3.7431E-01 3.4734E-01 3.6607E-01 3.8517E-01 4.0308E-01 4.2034E-01 4.3612E-01 4.5142E-01 4.6257E-01 4.6981E-01 4.9364E-01 5.1352E-01 5.0286E-01 5.0801E-01 4.9174E-01 5.0452E-01 4.9252E-01 6.6326E-01 7.9350E-01 8.0353E-01 7.3398E-01 7.5374E-01 6.7438E-01 8.4799E-01 8.8972E-01 7.7464E-01 7.6250E-01 7.1699E-01 8.5858E-01 9.8604E-01 9.7993E-01 1.0117E+00 1.0142E+00 1.0853E+00 1.2334E+00 1.0384E+00 1.0726E+00 1.1927E+00 1.1625E+00 9.8065E-01 9.7032E-01 1.0102E+00 1.2010E+00 9.6524E-01 9.7863E-01 9.8874E-01 1.0722E+00 9.2885E-01 8.5948E-01 8.0604E-01 8.3973E-01 7.6399E-01 7.3475E-01
3.9971E-01 4.1338E-01 4.1958E-01 4.1727E-01 4.0730E-01 3.8733E-01 3.5965E-01 3.7436E-01 3.9789E-01 4.2167E-01 4.4497E-01 4.6858E-01 4.8938E-01 5.0557E-01 5.1810E-01 5.4100E-01 5.7362E-01 5.6185E-01 5.7167E-01 5.5026E-01 5.5629E-01 5.4803E-01 7.4035E-01 8.4410E-01 8.1497E-01 8.1559E-01 7.8790E-01 7.6247E-01 9.0808E-01 8.5696E-01 7.8703E-01 8.0857E-01 8.5136E-01 1.0057E+00 1.0564E+00 1.0959E+00 1.0586E+00 1.1025E+00 1.2885E+00 1.1091E+00 1.1430E+00 1.2590E+00 1.2277E+00 1.0570E+00 1.0020E+00 1.1520E+00 1.2436E+00 1.0251E+00 1.0291E+00 1.0755E+00 1.0483E+00 9.2768E-01 8.6684E-01 8.8317E-01 8.5129E-01 7.6675E-01 8.3576E-01
3.6243E-01 3.8480E-01 4.0190E-01 4.1365E-01 4.1651E-01 4.1104E-01 3.9773E-01 3.7704E-01 3.8523E-01 4.1515E-01 4.4687E-01 4.7901E-01 5.0877E-01 5.3748E-01 5.6241E-01 5.8078E-01 5.9351E-01 6.3917E-01 6.2797E-01 6.3988E-01 6.1042E-01 6.0931E-01 6.1599E-01 8.0265E-01 8.8818E-01 8.3242E-01 8.8039E-01 8.0334E-01 8.7839E-01 9.4328E-01 8.7410E-01 8.7954E-01 8.4150E-01 1.0673E+00 1.1168E+00 1.1822E+00 1.0915E+00 1.1796E+00 1.3419E+00 1.1825E+00 1.2186E+00 1.3484E+00 1.2920E+00 1.1327E+00 1.0220E+00 1.2943E+00 1.2465E+00 1.0899E+00 1.0834E+00 1.1307E+00 1.0797E+00 9.4046E-01 8.7547E-01 9.1933E-01 8.5314E-01 8.7022E-01 8.9879E-01
3.1044E-01 3.3781E-01 3.6261E-01 3.8477E-01 4.0039E-01 4.0997E-01 4.1309E-01 4.0930E-01 3.9838E-01 4.0131E-01 4.3942E-01 4.7851E-01 5.1956E-01 5.6051E-01 5.9824E-01 6.3068E-01 6.5476E-01 6.6668E-01 7.0315E-01 6.9455E-01 7.0489E-01 6.7568E-01 6.6735E-01 6.8391E-01 8.7054E-01 9.2976E-01 9.3335E-01 9.3368E-01 7.9129E-01 9.7183E-01 9.4207E-01 9.3832E-01 9.3269E-01 1.0871E+00 1.2110E+00 1.2602E+00 1.2158E+00 1.2513E+00 1.3833E+00 1.2511E+00 1.3154E+00 1.4336E+00 1.3470E+00 1.1991E+00 1.1463E+00 1.4174E+00 1.2715E+00 1.1563E+00 1.1386E+00 1.1334E+00 1.1113E+00 9.5003E-01 9.5005E-01 9.0841E-01 8.7643E-01 9.7038E-01 9.0587E-01
3.0812E-01 3.1077E-01 3.2456E-01 3.3802E-01 3.6030E-01 3.8238E-01 4.0085E-01 4.1481E-01 4.2339E-01 4.2617E-01 4.2203E-01 4.6847E-01 5.1907E-01 5.7069E-01 6.2177E-01 6.6922E-01 7.0872E-01 7.3538E-01 7.4678E-01 7.5125E-01 7.4970E-01 7.6178E-01 7.5105E-01 7.3308E-01 7.5613E-01 9.3830E-01 9.5572E-01 1.0252E+00 9.5719E-01 9.2061E-01 1.0114E+00 1.0517E+00 1.0128E+00 1.0513E+00 1.3161E+00 1.3156E+00 1.3453E+00 1.3060E+00 1.4507E+00 1.3198E+00 1.4033E+00 1.5023E+00 1.3818E+00 1.2446E+00 1.2862E+00 1.4927E+00 1.2648E+00 1.2199E+00 1.1880E+00 1.2694E+00 1.0477E+00 1.0249E+00 9.8901E-01 9.7804E-01 1.0051E+00 9.9865E-01 8.3755E-01
3.4075E-01 3.4177E-01 3.3706E-01 3.3865E-01 3.5212E-01 3.6344E-01 3.7181E-01 3.9262E-01 4.1766E-01 4.4252E-01 4.7719E-01 4.8708E-01 5.0459E-01 5.6596E-01 6.2941E-01 6.9112E-01 7.4602E-01 7.9015E-01 8.1609E-01 8.1955E-01 7.9924E-01 8.1422E-01 8.3844E-01 8.3401E-01 7.9540E-01 8.3039E-01 9.9458E-01 1.0465E+00 1.0870E+00 9.3091E-01 1.0262E+00 1.1165E+00 1.0918E+00 1.0770E+00 1.3583E+00 1.3478E+00 1.4558E+00 1.3298E+00 1.5571E+00 1.3909E+00 1.4916E+00 1.5574E+00 1.3966E+00 1.2623E+00 1.3998E+00 1.4893E+00 1.2893E+00 1.2784E+00 1.2310E+00 1.3231E+00 1.1330E+00 1.1312E+00 1.0655E+00 1.0116E+00 1.0718E+00 9.3908E-01 8.7616E-01
