inst/extdata/rank(176)_nox_1hr_conc.grd
DSAA
         101         101
     735.634     740.634
    5071.041    5076.041
  0.2680E-01  0.9405E+01
[rows 50 to 74 of 101, columns 0 to 56 of 101]
1.2637E-01 1.3247E-01 1.3870E-01 1.4404E-01 1.5172E-01 1.5767E-01 1.6518E-01 1.7360E-01 1.8061E-01 1.8847E-01 1.9638E-01 2.0500E-01 2.1347E-01 2.2433E-01 2.3423E-01 2.4308E-01 2.5474E-01 2.6658E-01 2.8091E-01 2.9781E-01 3.1385E-01 3.3563E-01 3.5578E-01 3.7399E-01 3.9605E-01 4.2644E-01 4.5460E-01 4.8912E-01 5.2960E-01 5.6527E-01 6.2238E-01 6.7427E-01 7.4499E-01 8.1564E-01 9.0539E-01 1.0039E+00 1.1315E+00 1.2850E+00 1.4411E+00 1.6323E+00 1.8813E+00 2.1731E+00 2.5026E+00 2.8144E+00 3.1343E+00 3.4929E+00 3.9196E+00 4.2616E+00 4.4322E+00 4.1761E+00 3.9489E+00 3.5235E+00 2.8359E+00 2.2408E+00 2.0285E+00 1.9518E+00 1.7773E+00
1.2078E-01 1.2608E-01 1.3344E-01 1.4038E-01 1.4689E-01 1.5323E-01 1.5950E-01 1.6649E-01 1.7319E-01 1.8029E-01 1.8717E-01 1.9579E-01 2.0565E-01 2.1715E-01 2.2440E-01 2.3399E-01 2.4663E-01 2.5921E-01 2.7262E-01 2.8713E-01 3.0808E-01 3.1949E-01 3.3958E-01 3.6038E-01 3.8165E-01 4.0652E-01 4.3321E-01 4.6954E-01 5.0489E-01 5.4185E-01 5.8078E-01 6.2957E-01 6.9391E-01 7.5753E-01 8.3219E-01 9.2712E-01 1.0446E+00 1.1950E+00 1.3451E+00 1.5474E+00 1.7683E+00 2.0428E+00 2.3199E+00 2.6169E+00 2.9695E+00 3.3633E+00 3.8746E+00 4.3607E+00 4.5941E+00 4.6507E+00 4.8727E+00 3.9404E+00 2.3573E+00 1.8360E+00 2.0967E+00 2.1296E+00 2.1289E+00
1.1710E-01 1.2151E-01 1.2628E-01 1.3317E-01 1.3950E-01 1.4502E-01 1.5299E-01 1.6110E-01 1.6834E-01 1.7466E-01 1.8166E-01 1.8827E-01 1.9845E-01 2.0658E-01 2.1542E-01 2.2570E-01 2.3744E-01 2.4945E-01 2.6030E-01 2.7377E-01 2.8838E-01 3.0481E-01 3.2255E-01 3.4148E-01 3.6248E-01 3.8719E-01 4.1280E-01 4.4737E-01 4.7912E-01 5.1341E-01 5.5649E-01 6.0367E-01 6.5896E-01 7.2204E-01 7.9308E-01 8.7290E-01 9.7830E-01 1.1001E+00 1.2401E+00 1.4109E+00 1.6306E+00 1.8787E+00 2.1740E+00 2.4612E+00 2.7921E+00 3.2082E+00 3.7953E+00 4.3343E+00 4.6452E+00 5.1354E+00 6.0035E+00 5.4925E+00 1.5384E+00 9.6324E-01 2.3865E+00 2.8407E+00 2.8538E+00
1.1135E-01 1.1622E-01 1.2120E-01 1.2688E-01 1.3238E-01 1.3899E-01 1.4611E-01 1.5295E-01 1.5893E-01 1.6657E-01 1.7330E-01 1.8166E-01 1.9072E-01 1.9611E-01 2.0428E-01 2.1346E-01 2.2464E-01 2.3511E-01 2.4907E-01 2.6020E-01 2.7379E-01 2.9061E-01 3.0618E-01 3.2599E-01 3.4706E-01 3.6946E-01 3.9365E-01 4.2335E-01 4.5130E-01 4.8516E-01 5.2486E-01 5.6683E-01 6.1707E-01 6.7493E-01 7.4361E-01 8.2200E-01 9.1292E-01 1.0264E+00 1.1531E+00 1.3130E+00 1.5098E+00 1.7293E+00 1.9842E+00 2.2365E+00 2.5573E+00 2.9773E+00 3.4604E+00 3.9287E+00 4.3705E+00 5.2091E+00 6.6588E+00 8.1980E+00 5.0118E+00 3.4256E+00 4.8789E+00 4.4491E+00 3.7465E+00
1.0975E-01 1.1407E-01 1.1896E-01 1.2362E-01 1.2947E-01 1.3422E-01 1.3928E-01 1.4612E-01 1.5176E-01 1.5899E-01 1.6556E-01 1.7335E-01 1.8015E-01 1.8795E-01 1.9392E-01 2.0322E-01 2.1304E-01 2.2510E-01 2.3773E-01 2.5022E-01 2.6463E-01 2.8094E-01 2.9954E-01 3.1283E-01 3.3120E-01 3.5377E-01 3.7412E-01 3.9819E-01 4.2865E-01 4.5574E-01 4.9215E-01 5.3504E-01 5.7991E-01 6.3712E-01 6.9457E-01 7.7016E-01 8.5834E-01 9.5333E-01 1.0740E+00 1.2054E+00 1.3744E+00 1.5542E+00 1.7619E+00 1.9862E+00 2.2946E+00 2.6426E+00 3.0553E+00 3.5217E+00 4.0378E+00 4.7636E+00 6.1150E+00 7.9254E+00 9.4053E+00 8.6042E+00 6.8504E+00 5.2414E+00 4.0353E+00
1.0623E-01 1.1176E-01 1.1656E-01 1.2055E-01 1.2543E-01 1.3049E-01 1.3599E-01 1.4020E-01 1.4649E-01 1.5269E-01 1.5890E-01 1.6530E-01 1.7201E-01 1.7851E-01 1.8602E-01 1.9528E-01 2.0379E-01 2.1290E-01 2.2388E-01 2.3486E-01 2.4683E-01 2.5961E-01 2.7546E-01 2.9029E-01 3.0961E-01 3.3172E-01 3.5358E-01 3.7866E-01 4.0546E-01 4.3640E-01 4.7169E-01 5.0880E-01 5.4452E-01 5.9245E-01 6.4764E-01 7.1144E-01 7.8691E-01 8.7023E-01 9.5793E-01 1.0757E+00 1.2309E+00 1.3918E+00 1.5856E+00 1.7858E+00 2.0336E+00 2.3659E+00 2.7404E+00 3.2212E+00 3.7591E+00 4.3246E+00 5.2503E+00 6.3076E+00 7.0363E+00 6.9039E+00 5.9833E+00 4.9037E+00 3.9801E+00
1.0122E-01 1.0646E-01 1.1112E-01 1.1465E-01 1.1960E-01 1.2472E-01 1.3012E-01 1.3540E-01 1.4116E-01 1.4727E-01 1.5337E-01 1.6123E-01 1.6793E-01 1.7538E-01 1.8195E-01 1.9158E-01 1.9904E-01 2.0844E-01 2.1999E-01 2.3000E-01 2.4063E-01 2.5397E-01 2.6893E-01 2.8378E-01 3.0098E-01 3.2089E-01 3.4391E-01 3.6405E-01 3.8881E-01 4.1247E-01 4.4064E-01 4.7769E-01 5.1088E-01 5.5164E-01 6.0238E-01 6.5736E-01 7.2426E-01 8.0513E-01 8.9849E-01 1.0043E+00 1.1262E+00 1.2599E+00 1.4200E+00 1.6305E+00 1.8682E+00 2.1794E+00 2.5216E+00 2.9502E+00 3.4100E+00 3.9643E+00 4.5248E+00 4.9772E+00 5.2921E+00 5.1792E+00 4.7187E+00 4.2148E+00 3.7385E+00
9.9689E-02 1.0392E-01 1.0888E-01 1.1454E-01 1.1946E-01 1.2373E-01 1.2951E-01 1.3453E-01 1.3967E-01 1.4494E-01 1.5100E-01 1.5585E-01 1.6219E-01 1.6885E-01 1.7759E-01 1.8423E-01 1.9192E-01 2.0419E-01 2.1403E-01 2.2032E-01 2.3384E-01 2.4411E-01 2.5628E-01 2.7382E-01 2.9106E-01 3.1011E-01 3.2748E-01 3.4824E-01 3.7232E-01 3.9733E-01 4.2508E-01 4.5602E-01 4.8996E-01 5.2691E-01 5.7030E-01 6.2507E-01 6.7934E-01 7.4591E-01 8.2208E-01 9.1738E-01 1.0391E+00 1.1603E+00 1.3050E+00 1.4954E+00 1.7289E+00 1.9561E+00 2.2732E+00 2.6099E+00 3.0237E+00 3.5055E+00 3.9266E+00 4.1791E+00 4.2718E+00 4.1225E+00 3.9060E+00 3.7223E+00 3.3934E+00
9.9886E-02 1.0412E-01 1.0775E-01 1.1131E-01 1.1516E-01 1.2044E-01 1.2529E-01 1.2996E-01 1.3575E-01 1.4096E-01 1.4564E-01 1.5203E-01 1.5760E-01 1.6420E-01 1.7016E-01 1.7663E-01 1.8380E-01 1.9309E-01 2.0204E-01 2.1193E-01 2.2144E-01 2.3324E-01 2.4620E-01 2.6159E-01 2.7898E-01 2.9628E-01 3.1570E-01 3.3358E-01 3.5605E-01 3.7662E-01 4.0107E-01 4.2777E-01 4.6171E-01 4.9600E-01 5.4245E-01 5.8710E-01 6.4270E-01 7.1173E-01 7.8452E-01 8.6281E-01 9.5585E-01 1.0768E+00 1.2230E+00 1.3611E+00 1.5419E+00 1.7479E+00 2.0083E+00 2.3222E+00 2.6786E+00 3.0582E+00 3.3352E+00 3.4918E+00 3.5343E+00 3.4739E+00 3.2787E+00 3.1382E+00 3.0264E+00
9.5759E-02 1.0087E-01 1.0549E-01 1.0944E-01 1.1255E-01 1.1678E-01 1.1947E-01 1.2390E-01 1.2950E-01 1.3474E-01 1.3944E-01 1.4620E-01 1.5156E-01 1.5859E-01 1.6698E-01 1.7341E-01 1.8128E-01 1.8853E-01 1.9767E-01 2.0761E-01 2.1679E-01 2.2941E-01 2.4198E-01 2.5339E-01 2.6714E-01 2.8204E-01 2.9742E-01 3.1598E-01 3.3784E-01 3.6165E-01 3.8713E-01 4.1219E-01 4.4262E-01 4.7608E-01 5.2327E-01 5.6595E-01 6.0862E-01 6.6078E-01 7.2515E-01 7.9942E-01 8.8867E-01 1.0011E+00 1.1155E+00 1.2454E+00 1.3983E+00 1.5779E+00 1.8041E+00 2.0660E+00 2.3732E+00 2.5713E+00 2.7538E+00 2.8653E+00 2.9084E+00 2.8636E+00 2.7411E+00 2.6089E+00 2.5460E+00
9.5073E-02 9.9459E-02 1.0257E-01 1.0667E-01 1.0930E-01 1.1345E-01 1.1834E-01 1.2242E-01 1.2731E-01 1.3211E-01 1.3848E-01 1.4529E-01 1.5035E-01 1.5820E-01 1.6495E-01 1.6982E-01 1.7783E-01 1.8588E-01 1.9547E-01 2.0284E-01 2.1082E-01 2.2103E-01 2.3229E-01 2.4444E-01 2.5565E-01 2.7209E-01 2.9056E-01 3.0708E-01 3.2686E-01 3.5095E-01 3.7101E-01 3.9534E-01 4.2466E-01 4.5664E-01 4.9246E-01 5.3009E-01 5.7054E-01 6.2503E-01 6.8293E-01 7.4794E-01 8.1725E-01 9.1245E-01 1.0147E+00 1.1159E+00 1.2621E+00 1.4246E+00 1.6242E+00 1.8348E+00 2.0305E+00 2.1424E+00 2.2815E+00 2.3486E+00 2.3788E+00 2.3538E+00 2.2677E+00 2.1679E+00 2.1140E+00
9.2290E-02 9.6320E-02 1.0059E-01 1.0523E-01 1.0888E-01 1.1314E-01 1.1714E-01 1.2156E-01 1.2613E-01 1.3057E-01 1.3683E-01 1.4208E-01 1.4874E-01 1.5444E-01 1.6131E-01 1.6664E-01 1.7429E-01 1.8112E-01 1.8882E-01 1.9721E-01 2.0574E-01 2.1495E-01 2.2757E-01 2.3937E-01 2.5211E-01 2.6548E-01 2.7950E-01 2.9645E-01 3.1142E-01 3.3355E-01 3.5597E-01 3.8108E-01 4.0635E-01 4.3127E-01 4.6144E-01 4.9853E-01 5.3829E-01 5.8685E-01 6.4187E-01 7.0286E-01 7.6524E-01 8.4235E-01 9.1724E-01 1.0208E+00 1.1573E+00 1.3132E+00 1.4649E+00 1.6124E+00 1.7224E+00 1.8321E+00 1.8827E+00 1.9288E+00 1.9432E+00 1.9324E+00 1.8884E+00 1.8227E+00 1.7858E+00
9.2020E-02 9.5096E-02 9.8578E-02 1.0282E-01 1.0742E-01 1.1110E-01 1.1553E-01 1.1951E-01 1.2451E-01 1.2734E-01 1.3312E-01 1.3775E-01 1.4342E-01 1.4841E-01 1.5293E-01 1.5852E-01 1.6781E-01 1.7740E-01 1.8763E-01 1.9479E-01 2.0450E-01 2.1246E-01 2.2330E-01 2.3391E-01 2.4432E-01 2.5434E-01 2.6955E-01 2.8452E-01 3.0096E-01 3.2074E-01 3.3950E-01 3.5662E-01 3.7881E-01 4.0714E-01 4.3485E-01 4.7371E-01 5.1396E-01 5.5518E-01 6.0601E-01 6.6167E-01 7.1824E-01 7.7133E-01 8.4816E-01 9.5426E-01 1.0815E+00 1.1851E+00 1.3080E+00 1.4104E+00 1.4851E+00 1.5474E+00 1.5826E+00 1.5877E+00 1.6055E+00 1.6118E+00 1.5794E+00 1.5210E+00 1.4920E+00
9.1155E-02 9.5047E-02 9.8331E-02 1.0223E-01 1.0600E-01 1.0986E-01 1.1473E-01 1.1892E-01 1.2123E-01 1.2561E-01 1.3020E-01 1.3506E-01 1.3919E-01 1.4581E-01 1.5266E-01 1.5836E-01 1.6664E-01 1.7486E-01 1.8297E-01 1.9081E-01 1.9849E-01 2.0618E-01 2.1530E-01 2.2465E-01 2.3596E-01 2.4811E-01 2.6065E-01 2.7512E-01 2.8977E-01 3.0317E-01 3.1789E-01 3.3879E-01 3.6323E-01 3.9146E-01 4.2118E-01 4.5811E-01 4.9426E-01 5.3257E-01 5.7429E-01 6.1790E-01 6.6567E-01 7.2504E-01 7.9610E-01 8.8538E-01 9.7141E-01 1.0705E+00 1.1599E+00 1.2143E+00 1.2785E+00 1.3259E+00 1.3604E+00 1.3464E+00 1.3541E+00 1.3540E+00 1.3335E+00 1.2969E+00 1.2808E+00
9.1174E-02 9.4642E-02 9.8703E-02 1.0123E-01 1.0484E-01 1.0888E-01 1.1360E-01 1.1616E-01 1.1941E-01 1.2336E-01 1.2902E-01 1.3360E-01 1.4127E-01 1.4565E-01 1.5087E-01 1.5796E-01 1.6343E-01 1.7034E-01 1.7615E-01 1.8368E-01 1.9196E-01 2.0124E-01 2.1024E-01 2.1793E-01 2.2704E-01 2.4007E-01 2.5084E-01 2.6311E-01 2.7513E-01 2.8898E-01 3.0753E-01 3.3029E-01 3.5694E-01 3.7889E-01 4.0909E-01 4.3301E-01 4.7150E-01 5.0611E-01 5.4058E-01 5.7943E-01 6.2545E-01 6.7663E-01 7.5079E-01 8.1026E-01 8.8058E-01 9.5981E-01 1.0321E+00 1.0678E+00 1.1112E+00 1.1452E+00 1.1491E+00 1.1476E+00 1.1599E+00 1.1609E+00 1.1521E+00 1.1241E+00 1.1060E+00
9.0432E-02 9.4519E-02 9.7417E-02 9.9995E-02 1.0390E-01 1.0755E-01 1.1143E-01 1.1546E-01 1.1963E-01 1.2407E-01 1.3101E-01 1.3416E-01 1.3830E-01 1.4425E-01 1.5061E-01 1.5549E-01 1.6256E-01 1.6747E-01 1.7202E-01 1.7924E-01 1.8867E-01 1.9690E-01 2.0359E-01 2.1119E-01 2.1910E-01 2.2910E-01 2.4226E-01 2.5185E-01 2.6833E-01 2.8502E-01 3.0457E-01 3.2468E-01 3.4341E-01 3.6317E-01 3.9121E-01 4.1580E-01 4.4181E-01 4.7367E-01 5.0554E-01 5.4185E-01 5.8676E-01 6.3928E-01 6.9146E-01 7.4769E-01 8.0842E-01 8.5993E-01 9.0129E-01 9.4679E-01 9.8899E-01 1.0161E+00 1.0066E+00 1.0116E+00 1.0113E+00 1.0195E+00 1.0096E+00 9.9206E-01 9.5872E-01
8.7873E-02 9.2383E-02 9.4836E-02 9.8828E-02 1.0306E-01 1.0780E-01 1.1247E-01 1.1578E-01 1.1848E-01 1.2368E-01 1.2664E-01 1.3130E-01 1.3382E-01 1.4259E-01 1.4877E-01 1.5256E-01 1.5882E-01 1.6414E-01 1.6789E-01 1.7599E-01 1.8360E-01 1.9239E-01 1.9968E-01 2.0707E-01 2.1765E-01 2.2658E-01 2.3797E-01 2.4880E-01 2.6315E-01 2.8097E-01 2.9526E-01 3.1183E-01 3.3253E-01 3.5489E-01 3.7358E-01 3.9734E-01 4.1820E-01 4.4311E-01 4.8187E-01 5.1401E-01 5.6011E-01 6.0394E-01 6.4103E-01 6.9056E-01 7.3805E-01 7.7564E-01 8.1371E-01 8.4191E-01 8.7930E-01 8.7924E-01 8.8628E-01 8.9543E-01 9.0172E-01 9.0257E-01 8.8807E-01 8.7983E-01 8.5147E-01
8.8422E-02 9.2197E-02 9.5190E-02 9.9552E-02 1.0333E-01 1.0759E-01 1.1018E-01 1.1216E-01 1.1653E-01 1.2030E-01 1.2286E-01 1.2989E-01 1.3353E-01 1.3843E-01 1.4405E-01 1.4904E-01 1.5536E-01 1.6260E-01 1.6593E-01 1.7406E-01 1.8115E-01 1.8758E-01 1.9446E-01 2.0321E-01 2.1134E-01 2.2080E-01 2.3096E-01 2.4300E-01 2.5686E-01 2.7232E-01 2.8893E-01 3.0590E-01 3.2383E-01 3.4041E-01 3.5684E-01 3.7512E-01 3.9092E-01 4.2463E-01 4.5310E-01 4.9255E-01 5.2685E-01 5.5672E-01 6.0045E-01 6.4197E-01 6.7667E-01 7.0334E-01 7.4234E-01 7.6309E-01 7.9689E-01 7.9359E-01 7.9778E-01 7.9810E-01 8.0150E-01 8.0376E-01 7.8968E-01 7.8365E-01 7.6100E-01
8.7697E-02 9.0749E-02 9.4531E-02 9.7710E-02 1.0071E-01 1.0370E-01 1.0625E-01 1.1069E-01 1.1397E-01 1.1771E-01 1.2269E-01 1.2598E-01 1.3043E-01 1.3608E-01 1.4034E-01 1.4657E-01 1.5189E-01 1.5780E-01 1.6309E-01 1.7167E-01 1.7545E-01 1.8159E-01 1.9107E-01 2.0169E-01 2.0913E-01 2.1584E-01 2.2528E-01 2.3641E-01 2.5018E-01 2.6447E-01 2.8063E-01 2.9655E-01 3.0713E-01 3.1965E-01 3.3679E-01 3.5171E-01 3.8190E-01 4.0115E-01 4.3658E-01 4.6943E-01 4.8807E-01 5.2340E-01 5.6292E-01 5.9741E-01 6.1489E-01 6.5336E-01 6.7096E-01 7.0151E-01 7.0914E-01 7.2152E-01 7.3447E-01 7.2599E-01 7.2410E-01 7.2150E-01 7.1844E-01 7.0740E-01 6.9932E-01
8.5882E-02 8.9017E-02 9.1902E-02 9.5558E-02 9.8909E-02 1.0209E-01 1.0550E-01 1.0889E-01 1.1388E-01 1.1822E-01 1.2140E-01 1.2547E-01 1.2960E-01 1.3523E-01 1.3930E-01 1.4380E-01 1.4824E-01 1.5435E-01 1.6033E-01 1.6739E-01 1.7315E-01 1.8021E-01 1.8699E-01 1.9586E-01 2.0227E-01 2.1235E-01 2.2139E-01 2.3376E-01 2.4501E-01 2.5920E-01 2.7083E-01 2.8156E-01 2.9244E-01 3.0487E-01 3.1880E-01 3.4303E-01 3.5950E-01 3.8811E-01 4.1576E-01 4.3836E-01 4.5989E-01 4.9071E-01 5.2038E-01 5.4556E-01 5.6838E-01 5.9609E-01 6.1325E-01 6.3411E-01 6.5087E-01 6.5251E-01 6.6707E-01 6.5999E-01 6.6177E-01 6.6101E-01 6.5082E-01 6.3094E-01 6.3096E-01
8.5144E-02 8.8076E-02 9.1534E-02 9.4247E-02 9.8588E-02 1.0234E-01 1.0547E-01 1.0929E-01 1.1345E-01 1.1617E-01 1.2039E-01 1.2548E-01 1.2933E-01 1.3459E-01 1.3724E-01 1.4229E-01 1.4694E-01 1.5289E-01 1.5913E-01 1.6459E-01 1.6905E-01 1.7584E-01 1.8439E-01 1.9305E-01 2.0275E-01 2.1224E-01 2.1711E-01 2.2793E-01 2.3942E-01 2.4970E-01 2.6154E-01 2.7092E-01 2.8156E-01 2.9354E-01 3.0966E-01 3.2548E-01 3.4693E-01 3.6882E-01 3.8438E-01 4.0397E-01 4.3153E-01 4.5817E-01 4.8436E-01 5.0296E-01 5.2952E-01 5.4608E-01 5.6662E-01 5.8173E-01 5.9608E-01 6.0888E-01 6.1346E-01 5.9841E-01 6.0359E-01 5.9796E-01 5.9554E-01 5.7246E-01 5.7423E-01
8.2806E-02 8.6463E-02 8.9295E-02 9.2511E-02 9.7129E-02 1.0165E-01 1.0550E-01 1.0855E-01 1.1271E-01 1.1585E-01 1.2030E-01 1.2356E-01 1.2634E-01 1.3096E-01 1.3573E-01 1.4059E-01 1.4532E-01 1.4942E-01 1.5640E-01 1.6000E-01 1.6869E-01 1.7489E-01 1.8136E-01 1.9039E-01 1.9779E-01 2.0329E-01 2.1399E-01 2.2474E-01 2.3723E-01 2.4387E-01 2.4992E-01 2.5844E-01 2.6916E-01 2.8420E-01 2.9688E-01 3.1006E-01 3.3121E-01 3.4702E-01 3.6330E-01 3.8654E-01 4.1012E-01 4.2493E-01 4.4427E-01 4.7006E-01 4.9423E-01 5.0236E-01 5.1924E-01 5.2767E-01 5.4829E-01 5.5675E-01 5.6098E-01 5.4728E-01 5.4996E-01 5.4783E-01 5.4432E-01 5.2197E-01 5.2527E-01
8.1092E-02 8.4854E-02 8.8640E-02 9.2582E-02 9.6216E-02 9.9310E-02 1.0327E-01 1.0734E-01 1.1161E-01 1.1635E-01 1.1812E-01 1.2089E-01 1.2596E-01 1.3033E-01 1.3549E-01 1.3765E-01 1.4159E-01 1.4656E-01 1.5345E-01 1.5985E-01 1.6415E-01 1.7019E-01 1.7905E-01 1.8358E-01 1.9314E-01 2.0173E-01 2.1029E-01 2.2232E-01 2.3096E-01 2.3310E-01 2.3808E-01 2.4942E-01 2.6042E-01 2.7439E-01 2.8191E-01 2.9848E-01 3.1460E-01 3.2683E-01 3.4763E-01 3.6677E-01 3.8506E-01 4.0088E-01 4.1699E-01 4.3734E-01 4.5417E-01 4.6219E-01 4.8197E-01 4.9147E-01 5.0290E-01 5.0988E-01 5.0727E-01 4.9599E-01 5.0015E-01 4.9822E-01 5.0012E-01 4.7760E-01 4.7949E-01
7.9779E-02 8.3579E-02 8.6977E-02 8.9774E-02 9.3617E-02 9.8167E-02 1.0261E-01 1.0591E-01 1.0915E-01 1.1012E-01 1.1615E-01 1.2169E-01 1.2449E-01 1.2840E-01 1.3209E-01 1.3958E-01 1.4165E-01 1.4538E-01 1.5087E-01 1.5519E-01 1.6338E-01 1.7095E-01 1.7453E-01 1.8095E-01 1.8881E-01 1.9793E-01 2.0913E-01 2.1634E-01 2.1778E-01 2.2440E-01 2.3065E-01 2.4205E-01 2.5156E-01 2.6080E-01 2.7153E-01 2.8696E-01 2.9533E-01 3.1024E-01 3.3076E-01 3.4693E-01 3.6229E-01 3.7154E-01 3.9095E-01 4.1123E-01 4.2229E-01 4.3312E-01 4.4290E-01 4.5374E-01 4.6486E-01 4.6555E-01 4.6611E-01 4.5605E-01 4.5866E-01 4.5511E-01 4.5873E-01 4.3984E-01 4.3946E-01
7.8669E-02 8.1430E-02 8.4728E-02 8.8497E-02 9.2468E-02 9.6198E-02 9.9630E-02 1.0279E-01 1.0682E-01 1.1237E-01 1.1810E-01 1.2061E-01 1.2378E-01 1.2749E-01 1.3357E-01 1.3941E-01 1.4081E-01 1.4285E-01 1.4652E-01 1.5162E-01 1.6204E-01 1.6457E-01 1.7056E-01 1.7830E-01 1.8673E-01 1.9642E-01 2.0212E-01 2.0632E-01 2.1056E-01 2.1629E-01 2.2466E-01 2.3291E-01 2.4193E-01 2.4820E-01 2.6165E-01 2.7179E-01 2.7987E-01 2.9858E-01 3.1291E-01 3.2823E-01 3.3713E-01 3.4962E-01 3.6558E-01 3.8012E-01 3.8958E-01 4.0365E-01 4.0874E-01 4.1737E-01 4.2943E-01 4.2823E-01 4.2785E-01 4.1974E-01 4.2031E-01 4.1914E-01 4.1878E-01 4.0670E-01 4.0362E-01
