inst/extdata/rank(0)_cd_2952hr_conc_cd.grd
DSAA
          81          81
     760.250     764.250
    5036.750    5040.750
  0.1943E-02  0.2880E+00
[rows 50 to 74 of 81, columns 0 to 56 of 81]
2.5135E-03 2.5973E-03 2.6770E-03 2.7626E-03 2.8625E-03 2.9771E-03 3.1066E-03 3.2563E-03 3.4250E-03 3.6114E-03 3.8128E-03 4.0226E-03 4.2401E-03 4.4534E-03 4.7161E-03 5.0272E-03 5.3833E-03 5.7864E-03 6.2199E-03 6.6571E-03 7.0844E-03 7.4565E-03 7.7541E-03 7.9831E-03 8.1976E-03 8.4449E-03 8.7272E-03 9.1149E-03 9.7074E-03 1.0587E-02 1.1834E-02 1.3487E-02 1.5583E-02 1.8108E-02 2.1075E-02 2.4738E-02 2.8821E-02 3.2038E-02 3.3264E-02 3.2207E-02 2.9003E-02 2.4143E-02 1.9282E-02 1.5896E-02 1.4382E-02 1.4720E-02 1.5580E-02 1.6302E-02 1.6030E-02 1.4972E-02 1.3705E-02 1.2345E-02 1.1061E-02 1.0015E-02 9.2103E-03 8.5572E-03 8.0123E-03
2.4428E-03 2.5263E-03 2.6119E-03 2.7020E-03 2.8092E-03 2.9356E-03 3.0772E-03 3.2387E-03 3.4230E-03 3.6223E-03 3.8344E-03 4.0608E-03 4.2896E-03 4.5037E-03 4.7636E-03 5.0603E-03 5.3964E-03 5.7638E-03 6.1593E-03 6.5507E-03 6.9384E-03 7.2875E-03 7.5668E-03 7.7596E-03 7.9250E-03 8.1114E-03 8.3866E-03 8.8152E-03 9.4638E-03 1.0395E-02 1.1635E-02 1.3180E-02 1.5073E-02 1.7357E-02 2.0016E-02 2.2786E-02 2.5256E-02 2.6684E-02 2.6819E-02 2.5713E-02 2.3398E-02 2.0095E-02 1.6733E-02 1.4147E-02 1.3036E-02 1.3447E-02 1.4795E-02 1.5807E-02 1.6122E-02 1.5475E-02 1.4294E-02 1.2982E-02 1.1657E-02 1.0408E-02 9.3517E-03 8.5614E-03 7.9437E-03
2.3978E-03 2.4918E-03 2.5883E-03 2.6857E-03 2.8005E-03 2.9356E-03 3.0882E-03 3.2649E-03 3.4573E-03 3.6642E-03 3.8845E-03 4.1094E-03 4.3393E-03 4.5409E-03 4.7710E-03 5.0374E-03 5.3342E-03 5.6606E-03 6.0083E-03 6.3578E-03 6.6839E-03 6.9735E-03 7.2033E-03 7.3662E-03 7.5074E-03 7.7106E-03 8.0345E-03 8.5136E-03 9.1876E-03 1.0079E-02 1.1214E-02 1.2602E-02 1.4316E-02 1.6320E-02 1.8520E-02 2.0540E-02 2.1841E-02 2.2289E-02 2.1951E-02 2.0970E-02 1.9271E-02 1.6934E-02 1.4541E-02 1.2598E-02 1.1746E-02 1.2199E-02 1.3556E-02 1.4669E-02 1.5329E-02 1.5256E-02 1.4434E-02 1.3260E-02 1.2053E-02 1.0873E-02 9.7655E-03 8.8073E-03 8.0530E-03
2.3860E-03 2.4898E-03 2.5982E-03 2.7048E-03 2.8263E-03 2.9672E-03 3.1264E-03 3.2996E-03 3.4944E-03 3.6982E-03 3.9090E-03 4.1266E-03 4.3398E-03 4.5340E-03 4.7400E-03 4.9716E-03 5.2298E-03 5.5097E-03 5.7949E-03 6.0814E-03 6.3300E-03 6.5538E-03 6.7499E-03 6.9416E-03 7.1299E-03 7.3892E-03 7.7311E-03 8.2196E-03 8.8354E-03 9.6437E-03 1.0667E-02 1.1939E-02 1.3427E-02 1.5138E-02 1.6827E-02 1.8081E-02 1.8701E-02 1.8698E-02 1.8224E-02 1.7422E-02 1.6175E-02 1.4456E-02 1.2771E-02 1.1366E-02 1.0619E-02 1.0979E-02 1.2113E-02 1.3284E-02 1.4046E-02 1.4359E-02 1.4074E-02 1.3247E-02 1.2189E-02 1.1132E-02 1.0149E-02 9.2278E-03 8.4157E-03
2.4021E-03 2.5116E-03 2.6283E-03 2.7403E-03 2.8632E-03 2.9997E-03 3.1560E-03 3.3222E-03 3.5058E-03 3.6966E-03 3.8923E-03 4.0926E-03 4.2984E-03 4.4886E-03 4.6723E-03 4.8677E-03 5.0822E-03 5.3073E-03 5.5256E-03 5.7353E-03 5.9369E-03 6.1376E-03 6.3671E-03 6.6312E-03 6.9007E-03 7.1474E-03 7.4766E-03 7.8964E-03 8.4534E-03 9.1778E-03 1.0097E-02 1.1228E-02 1.2518E-02 1.3901E-02 1.5077E-02 1.5786E-02 1.6000E-02 1.5785E-02 1.5356E-02 1.4694E-02 1.3765E-02 1.2518E-02 1.1310E-02 1.0327E-02 9.8420E-03 1.0008E-02 1.0871E-02 1.1948E-02 1.2732E-02 1.3154E-02 1.3234E-02 1.2888E-02 1.2143E-02 1.1225E-02 1.0311E-02 9.5003E-03 8.7832E-03
2.4254E-03 2.5436E-03 2.6620E-03 2.7802E-03 2.8954E-03 3.0244E-03 3.1651E-03 3.3207E-03 3.4850E-03 3.6619E-03 3.8520E-03 4.0444E-03 4.2396E-03 4.4210E-03 4.5792E-03 4.7390E-03 4.8933E-03 5.0577E-03 5.2276E-03 5.4026E-03 5.6092E-03 5.8564E-03 6.1419E-03 6.4374E-03 6.7000E-03 6.9587E-03 7.2246E-03 7.5928E-03 8.0986E-03 8.7513E-03 9.5786E-03 1.0582E-02 1.1677E-02 1.2693E-02 1.3427E-02 1.3779E-02 1.3782E-02 1.3523E-02 1.3128E-02 1.2614E-02 1.1898E-02 1.1012E-02 1.0137E-02 9.4991E-03 9.1771E-03 9.2529E-03 9.8208E-03 1.0709E-02 1.1497E-02 1.1968E-02 1.2176E-02 1.2133E-02 1.1809E-02 1.1203E-02 1.0403E-02 9.6278E-03 8.9584E-03
2.4545E-03 2.5723E-03 2.6885E-03 2.8022E-03 2.9049E-03 3.0244E-03 3.1544E-03 3.2966E-03 3.4505E-03 3.6204E-03 3.7970E-03 3.9777E-03 4.1606E-03 4.3216E-03 4.4539E-03 4.5587E-03 4.6775E-03 4.8112E-03 4.9725E-03 5.1764E-03 5.4345E-03 5.7160E-03 6.0113E-03 6.2684E-03 6.5327E-03 6.7754E-03 7.0257E-03 7.3630E-03 7.8289E-03 8.4228E-03 9.1654E-03 1.0018E-02 1.0900E-02 1.1550E-02 1.1972E-02 1.2106E-02 1.2013E-02 1.1737E-02 1.1402E-02 1.0998E-02 1.0462E-02 9.8041E-03 9.1948E-03 8.8031E-03 8.6251E-03 8.6921E-03 9.0840E-03 9.7555E-03 1.0456E-02 1.0946E-02 1.1190E-02 1.1254E-02 1.1188E-02 1.0937E-02 1.0450E-02 9.7373E-03 8.9983E-03
2.4702E-03 2.5817E-03 2.6937E-03 2.7989E-03 2.9013E-03 3.0112E-03 3.1308E-03 3.2621E-03 3.4094E-03 3.5682E-03 3.7292E-03 3.8902E-03 4.0435E-03 4.1702E-03 4.2763E-03 4.3621E-03 4.4856E-03 4.6390E-03 4.8436E-03 5.0881E-03 5.3598E-03 5.6362E-03 5.9001E-03 6.1490E-03 6.3928E-03 6.6561E-03 6.9451E-03 7.2571E-03 7.6634E-03 8.2114E-03 8.8574E-03 9.5615E-03 1.0192E-02 1.0607E-02 1.0776E-02 1.0775E-02 1.0596E-02 1.0343E-02 1.0063E-02 9.7394E-03 9.3326E-03 8.8462E-03 8.4301E-03 8.2080E-03 8.1754E-03 8.2886E-03 8.5829E-03 9.0664E-03 9.6341E-03 1.0099E-02 1.0363E-02 1.0447E-02 1.0437E-02 1.0396E-02 1.0234E-02 9.7417E-03 9.0376E-03
2.4685E-03 2.5731E-03 2.6805E-03 2.7862E-03 2.8886E-03 2.9907E-03 3.0995E-03 3.2235E-03 3.3557E-03 3.4925E-03 3.6296E-03 3.7546E-03 3.8739E-03 3.9837E-03 4.1010E-03 4.2299E-03 4.3876E-03 4.5923E-03 4.8181E-03 5.0725E-03 5.3292E-03 5.5847E-03 5.8365E-03 6.0860E-03 6.3367E-03 6.6064E-03 6.9082E-03 7.2546E-03 7.6508E-03 8.1151E-03 8.6669E-03 9.1933E-03 9.5801E-03 9.7964E-03 9.8051E-03 9.7077E-03 9.4935E-03 9.2606E-03 9.0270E-03 8.7600E-03 8.4480E-03 8.0936E-03 7.8026E-03 7.7033E-03 7.7957E-03 7.9711E-03 8.2068E-03 8.5759E-03 9.0158E-03 9.4279E-03 9.6963E-03 9.7829E-03 9.7535E-03 9.7206E-03 9.6774E-03 9.4537E-03 8.9560E-03
2.4561E-03 2.5574E-03 2.6619E-03 2.7656E-03 2.8668E-03 2.9619E-03 3.0602E-03 3.1632E-03 3.2718E-03 3.3797E-03 3.4845E-03 3.5923E-03 3.7026E-03 3.8348E-03 3.9926E-03 4.1859E-03 4.3919E-03 4.6048E-03 4.8399E-03 5.0844E-03 5.3235E-03 5.5703E-03 5.8208E-03 6.0809E-03 6.3527E-03 6.6336E-03 6.9455E-03 7.2971E-03 7.7071E-03 8.1572E-03 8.5749E-03 8.9084E-03 9.1172E-03 9.1776E-03 9.1050E-03 8.8777E-03 8.6462E-03 8.4256E-03 8.2256E-03 8.0084E-03 7.7581E-03 7.4961E-03 7.2948E-03 7.2807E-03 7.4616E-03 7.7085E-03 7.9376E-03 8.2164E-03 8.5531E-03 8.8934E-03 9.1720E-03 9.2920E-03 9.2280E-03 9.0870E-03 8.9896E-03 8.8878E-03 8.6500E-03
2.4377E-03 2.5360E-03 2.6362E-03 2.7380E-03 2.8357E-03 2.9224E-03 2.9949E-03 3.0723E-03 3.1523E-03 3.2371E-03 3.3300E-03 3.4450E-03 3.5910E-03 3.7604E-03 3.9685E-03 4.2110E-03 4.4437E-03 4.6529E-03 4.8755E-03 5.1076E-03 5.3525E-03 5.6000E-03 5.8670E-03 6.1392E-03 6.4128E-03 6.6981E-03 7.0090E-03 7.3607E-03 7.7740E-03 8.1858E-03 8.5390E-03 8.7323E-03 8.7639E-03 8.6959E-03 8.5297E-03 8.2521E-03 8.0104E-03 7.7953E-03 7.6106E-03 7.4299E-03 7.2305E-03 7.0317E-03 6.8942E-03 6.9263E-03 7.1643E-03 7.4774E-03 7.7358E-03 7.9422E-03 8.1982E-03 8.4786E-03 8.7100E-03 8.8470E-03 8.7462E-03 8.5232E-03 8.3463E-03 8.2356E-03 8.1276E-03
2.4176E-03 2.5106E-03 2.6059E-03 2.6958E-03 2.7781E-03 2.8471E-03 2.8966E-03 2.9522E-03 3.0196E-03 3.1046E-03 3.2163E-03 3.3597E-03 3.5412E-03 3.7525E-03 3.9975E-03 4.2424E-03 4.4875E-03 4.7104E-03 4.9171E-03 5.1501E-03 5.4020E-03 5.6627E-03 5.9478E-03 6.2201E-03 6.4876E-03 6.7632E-03 7.0694E-03 7.4249E-03 7.8049E-03 8.1651E-03 8.4318E-03 8.5494E-03 8.5146E-03 8.3324E-03 8.0821E-03 7.8098E-03 7.5411E-03 7.3276E-03 7.1595E-03 7.0006E-03 6.8405E-03 6.6836E-03 6.5910E-03 6.6475E-03 6.9097E-03 7.2700E-03 7.5762E-03 7.7807E-03 7.9583E-03 8.1141E-03 8.2658E-03 8.3183E-03 8.2510E-03 8.0378E-03 7.7985E-03 7.6333E-03 7.5434E-03
2.3875E-03 2.4710E-03 2.5500E-03 2.6220E-03 2.6840E-03 2.7356E-03 2.7793E-03 2.8336E-03 2.9146E-03 3.0230E-03 3.1621E-03 3.3341E-03 3.5395E-03 3.7747E-03 4.0134E-03 4.2587E-03 4.4953E-03 4.7291E-03 4.9631E-03 5.2105E-03 5.4834E-03 5.7665E-03 6.0387E-03 6.2958E-03 6.5489E-03 6.8214E-03 7.1239E-03 7.4679E-03 7.8159E-03 8.1029E-03 8.2789E-03 8.3167E-03 8.2266E-03 8.0228E-03 7.7454E-03 7.4583E-03 7.1923E-03 7.0040E-03 6.8436E-03 6.7043E-03 6.5704E-03 6.4465E-03 6.3798E-03 6.4495E-03 6.7113E-03 7.1062E-03 7.4436E-03 7.6188E-03 7.7049E-03 7.7473E-03 7.7885E-03 7.8109E-03 7.7558E-03 7.5845E-03 7.3278E-03 7.1101E-03 6.9883E-03
2.3389E-03 2.4036E-03 2.4662E-03 2.5193E-03 2.5699E-03 2.6210E-03 2.6795E-03 2.7553E-03 2.8595E-03 2.9911E-03 3.1518E-03 3.3394E-03 3.5479E-03 3.7764E-03 4.0080E-03 4.2439E-03 4.4822E-03 4.7455E-03 5.0222E-03 5.2969E-03 5.5845E-03 5.8634E-03 6.1118E-03 6.3527E-03 6.5964E-03 6.8614E-03 7.1648E-03 7.4880E-03 7.7808E-03 7.9913E-03 8.0897E-03 8.0695E-03 7.9268E-03 7.6968E-03 7.4120E-03 7.1478E-03 6.9344E-03 6.7474E-03 6.6160E-03 6.4970E-03 6.3895E-03 6.2827E-03 6.2355E-03 6.3053E-03 6.5537E-03 6.9187E-03 7.2528E-03 7.4205E-03 7.4354E-03 7.4135E-03 7.3755E-03 7.3379E-03 7.2732E-03 7.1448E-03 6.9261E-03 6.6837E-03 6.5007E-03
2.2676E-03 2.3154E-03 2.3610E-03 2.4095E-03 2.4630E-03 2.5348E-03 2.6236E-03 2.7308E-03 2.8534E-03 2.9980E-03 3.1643E-03 3.3453E-03 3.5493E-03 3.7585E-03 3.9773E-03 4.2162E-03 4.4831E-03 4.7741E-03 5.0846E-03 5.3962E-03 5.6802E-03 5.9376E-03 6.1698E-03 6.3881E-03 6.6254E-03 6.8952E-03 7.1848E-03 7.4651E-03 7.6981E-03 7.8405E-03 7.8723E-03 7.8036E-03 7.6301E-03 7.3852E-03 7.1119E-03 6.8711E-03 6.6840E-03 6.5301E-03 6.4205E-03 6.3387E-03 6.2495E-03 6.1691E-03 6.1366E-03 6.2006E-03 6.4175E-03 6.7403E-03 7.0481E-03 7.2010E-03 7.1962E-03 7.1138E-03 7.0134E-03 6.9172E-03 6.8211E-03 6.7180E-03 6.5508E-03 6.3290E-03 6.1230E-03
2.1785E-03 2.2173E-03 2.2632E-03 2.3221E-03 2.3985E-03 2.4966E-03 2.6127E-03 2.7463E-03 2.8764E-03 3.0192E-03 3.1736E-03 3.3458E-03 3.5270E-03 3.7239E-03 3.9436E-03 4.1987E-03 4.4875E-03 4.8042E-03 5.1338E-03 5.4595E-03 5.7570E-03 5.9888E-03 6.2016E-03 6.4051E-03 6.6461E-03 6.9126E-03 7.1788E-03 7.4123E-03 7.5790E-03 7.6572E-03 7.6373E-03 7.5284E-03 7.3381E-03 7.0950E-03 6.8425E-03 6.6288E-03 6.4717E-03 6.3650E-03 6.2690E-03 6.2127E-03 6.1557E-03 6.0937E-03 6.0692E-03 6.1246E-03 6.3014E-03 6.5769E-03 6.8498E-03 6.9876E-03 6.9637E-03 6.8376E-03 6.6922E-03 6.5497E-03 6.4093E-03 6.3106E-03 6.2022E-03 6.0472E-03 5.8429E-03
2.0922E-03 2.1364E-03 2.1971E-03 2.2762E-03 2.3762E-03 2.4941E-03 2.6271E-03 2.7676E-03 2.9084E-03 3.0308E-03 3.1710E-03 3.3231E-03 3.4940E-03 3.6895E-03 3.9206E-03 4.1916E-03 4.4940E-03 4.8211E-03 5.1523E-03 5.4692E-03 5.7530E-03 6.0031E-03 6.2181E-03 6.4301E-03 6.6683E-03 6.9194E-03 7.1496E-03 7.3291E-03 7.4349E-03 7.4548E-03 7.3968E-03 7.2570E-03 7.0593E-03 6.8228E-03 6.5993E-03 6.4169E-03 6.2939E-03 6.2152E-03 6.1446E-03 6.1140E-03 6.0814E-03 6.0451E-03 6.0244E-03 6.0714E-03 6.2098E-03 6.4359E-03 6.6593E-03 6.7745E-03 6.7396E-03 6.5950E-03 6.3927E-03 6.2300E-03 6.0768E-03 5.9598E-03 5.8783E-03 5.7726E-03 5.6219E-03
2.0293E-03 2.0896E-03 2.1673E-03 2.2656E-03 2.3795E-03 2.5054E-03 2.6411E-03 2.7780E-03 2.9102E-03 3.0342E-03 3.1529E-03 3.2953E-03 3.4659E-03 3.6693E-03 3.9113E-03 4.1883E-03 4.4922E-03 4.8127E-03 5.1303E-03 5.4256E-03 5.7023E-03 5.9523E-03 6.2045E-03 6.4582E-03 6.6846E-03 6.9134E-03 7.1019E-03 7.2260E-03 7.2770E-03 7.2506E-03 7.1578E-03 6.9976E-03 6.7984E-03 6.5773E-03 6.3794E-03 6.2272E-03 6.1414E-03 6.0907E-03 6.0617E-03 6.0400E-03 6.0283E-03 6.0062E-03 5.9945E-03 6.0331E-03 6.1380E-03 6.3155E-03 6.4922E-03 6.5783E-03 6.5358E-03 6.3738E-03 6.1647E-03 5.9683E-03 5.7979E-03 5.6635E-03 5.5782E-03 5.5131E-03 5.4129E-03
1.9992E-03 2.0751E-03 2.1664E-03 2.2718E-03 2.3874E-03 2.5139E-03 2.6429E-03 2.7701E-03 2.8899E-03 3.0135E-03 3.1342E-03 3.2751E-03 3.4522E-03 3.6635E-03 3.9076E-03 4.1828E-03 4.4744E-03 4.7764E-03 5.0677E-03 5.3466E-03 5.6131E-03 5.8797E-03 6.1533E-03 6.4346E-03 6.7038E-03 6.8953E-03 7.0369E-03 7.1116E-03 7.1172E-03 7.0583E-03 6.9321E-03 6.7597E-03 6.5622E-03 6.3602E-03 6.1873E-03 6.0659E-03 6.0088E-03 5.9842E-03 5.9771E-03 5.9673E-03 5.9700E-03 5.9605E-03 5.9619E-03 5.9853E-03 6.0675E-03 6.1996E-03 6.3295E-03 6.3872E-03 6.3390E-03 6.1785E-03 5.9624E-03 5.7428E-03 5.5625E-03 5.4148E-03 5.3123E-03 5.2612E-03 5.2090E-03
1.9975E-03 2.0814E-03 2.1756E-03 2.2807E-03 2.3921E-03 2.5097E-03 2.6267E-03 2.7432E-03 2.8628E-03 2.9825E-03 3.1187E-03 3.2709E-03 3.4512E-03 3.6634E-03 3.9054E-03 4.1682E-03 4.4405E-03 4.7138E-03 4.9790E-03 5.2419E-03 5.5126E-03 5.7897E-03 6.0794E-03 6.3685E-03 6.6366E-03 6.8340E-03 6.9572E-03 6.9926E-03 6.9579E-03 6.8711E-03 6.7280E-03 6.5529E-03 6.3607E-03 6.1748E-03 6.0248E-03 5.9365E-03 5.9064E-03 5.8997E-03 5.9032E-03 5.9165E-03 5.9162E-03 5.9106E-03 5.9112E-03 5.9382E-03 5.9980E-03 6.0887E-03 6.1812E-03 6.2185E-03 6.1678E-03 6.0128E-03 5.7974E-03 5.5648E-03 5.3668E-03 5.2011E-03 5.0905E-03 5.0257E-03 4.9828E-03
2.0120E-03 2.0945E-03 2.1864E-03 2.2838E-03 2.3868E-03 2.4913E-03 2.5974E-03 2.7085E-03 2.8273E-03 2.9606E-03 3.1087E-03 3.2783E-03 3.4594E-03 3.6704E-03 3.9015E-03 4.1447E-03 4.3916E-03 4.6352E-03 4.8809E-03 5.1364E-03 5.4049E-03 5.6916E-03 5.9856E-03 6.2753E-03 6.5242E-03 6.7133E-03 6.8166E-03 6.8522E-03 6.8050E-03 6.6946E-03 6.5417E-03 6.3630E-03 6.1821E-03 6.0125E-03 5.8897E-03 5.8283E-03 5.8175E-03 5.8251E-03 5.8378E-03 5.8580E-03 5.8627E-03 5.8618E-03 5.8637E-03 5.8794E-03 5.9266E-03 5.9862E-03 6.0448E-03 6.0631E-03 6.0095E-03 5.8611E-03 5.6502E-03 5.4198E-03 5.1992E-03 5.0266E-03 4.8779E-03 4.7827E-03 4.7298E-03
2.0335E-03 2.1083E-03 2.1904E-03 2.2772E-03 2.3678E-03 2.4684E-03 2.5690E-03 2.6800E-03 2.8025E-03 2.9453E-03 3.0983E-03 3.2812E-03 3.4738E-03 3.6764E-03 3.8925E-03 4.1113E-03 4.3318E-03 4.5540E-03 4.7888E-03 5.0339E-03 5.3025E-03 5.5884E-03 5.8785E-03 6.1523E-03 6.3775E-03 6.5422E-03 6.6268E-03 6.6479E-03 6.6054E-03 6.5083E-03 6.3641E-03 6.1908E-03 6.0231E-03 5.8715E-03 5.7721E-03 5.7365E-03 5.7388E-03 5.7574E-03 5.7741E-03 5.7961E-03 5.8064E-03 5.7963E-03 5.7954E-03 5.8058E-03 5.8379E-03 5.8816E-03 5.9096E-03 5.9128E-03 5.8585E-03 5.7280E-03 5.5258E-03 5.2835E-03 5.0481E-03 4.8454E-03 4.6772E-03 4.5577E-03 4.4830E-03
2.0524E-03 2.1239E-03 2.1944E-03 2.2682E-03 2.3497E-03 2.4383E-03 2.5390E-03 2.6533E-03 2.7845E-03 2.9312E-03 3.1005E-03 3.2809E-03 3.4847E-03 3.6839E-03 3.8800E-03 4.0737E-03 4.2711E-03 4.4818E-03 4.7058E-03 4.9463E-03 5.2114E-03 5.4861E-03 5.7604E-03 6.0064E-03 6.2049E-03 6.3448E-03 6.4238E-03 6.4147E-03 6.3689E-03 6.2745E-03 6.1452E-03 6.0083E-03 5.8639E-03 5.7421E-03 5.6695E-03 5.6501E-03 5.6675E-03 5.6864E-03 5.7052E-03 5.7263E-03 5.7322E-03 5.7223E-03 5.7150E-03 5.7188E-03 5.7306E-03 5.7566E-03 5.7728E-03 5.7651E-03 5.7106E-03 5.5795E-03 5.3755E-03 5.1323E-03 4.8916E-03 4.6696E-03 4.4933E-03 4.3508E-03 4.2552E-03
2.0623E-03 2.1244E-03 2.1827E-03 2.2501E-03 2.3267E-03 2.4148E-03 2.5160E-03 2.6335E-03 2.7709E-03 2.9261E-03 3.0979E-03 3.2882E-03 3.4795E-03 3.6789E-03 3.8644E-03 4.0407E-03 4.2221E-03 4.4205E-03 4.6369E-03 4.8743E-03 5.1306E-03 5.3904E-03 5.6361E-03 5.8537E-03 6.0222E-03 6.1378E-03 6.1925E-03 6.1769E-03 6.1158E-03 6.0265E-03 5.9167E-03 5.7968E-03 5.6756E-03 5.5803E-03 5.5354E-03 5.5415E-03 5.5771E-03 5.6009E-03 5.6314E-03 5.6474E-03 5.6548E-03 5.6404E-03 5.6164E-03 5.6082E-03 5.6068E-03 5.6127E-03 5.6091E-03 5.5832E-03 5.5179E-03 5.3957E-03 5.2069E-03 4.9748E-03 4.7366E-03 4.5128E-03 4.3209E-03 4.1672E-03 4.0574E-03
2.0503E-03 2.1108E-03 2.1691E-03 2.2319E-03 2.3077E-03 2.3940E-03 2.4973E-03 2.6182E-03 2.7586E-03 2.9178E-03 3.0899E-03 3.2782E-03 3.4626E-03 3.6508E-03 3.8293E-03 4.0108E-03 4.1896E-03 4.3767E-03 4.5865E-03 4.8190E-03 5.0613E-03 5.2978E-03 5.5156E-03 5.7017E-03 5.8381E-03 5.9231E-03 5.9530E-03 5.9371E-03 5.8736E-03 5.7836E-03 5.6941E-03 5.5895E-03 5.4854E-03 5.4128E-03 5.3924E-03 5.4163E-03 5.4539E-03 5.4798E-03 5.5035E-03 5.5183E-03 5.5129E-03 5.4971E-03 5.4659E-03 5.4506E-03 5.4424E-03 5.4311E-03 5.4134E-03 5.3800E-03 5.3163E-03 5.2013E-03 5.0295E-03 4.8148E-03 4.5851E-03 4.3642E-03 4.1675E-03 4.0125E-03 3.8868E-03
